# Time series at grid cell:   1   1   1
  Time(day)                  pH                    
  1.00000E-08                3.21786871653846E+00
  2.00000E-08                3.21139791450105E+00
  3.00000E-08                3.21186059406841E+00
  4.00000E-08                3.21182739337690E+00
  5.00000E-08                3.21182977479618E+00
  7.00000E-08                3.21182960397178E+00
  1.10000E-07                3.21182961622526E+00
  1.75153E-07                3.21182961534630E+00
  2.70268E-07                3.21182961540935E+00
  3.98246E-07                3.21182961540483E+00
  5.63326E-07                3.21182961540515E+00
  7.62711E-07                3.21182961540512E+00
  1.00580E-06                3.21182961540512E+00
  1.25732E-06                3.21182961540512E+00
  1.61456E-06                3.21182961540511E+00
  1.85054E-06                3.21182961540510E+00
  2.00469E-06                3.21182961540510E+00
  2.12692E-06                3.21182961540510E+00
  2.28232E-06                3.21182961540509E+00
  2.48537E-06                3.21182961540509E+00
  2.71267E-06                3.21182961540508E+00
  3.12235E-06                3.21182961540506E+00
  3.37003E-06                3.21182961540505E+00
  3.51741E-06                3.21182961540504E+00
  3.63615E-06                3.21182961540504E+00
  3.81570E-06                3.21182961540503E+00
  4.02418E-06                3.21182961540502E+00
  4.42650E-06                3.21182961540499E+00
  4.70478E-06                3.21182961540498E+00
  4.92240E-06                3.21182961540496E+00
  5.17438E-06                3.21182961540495E+00
  5.67832E-06                3.21182961540490E+00
  6.02903E-06                3.21182961540488E+00
  6.30949E-06                3.21182961540486E+00
  6.65081E-06                3.21182961540483E+00
  7.23770E-06                3.21182961540476E+00
  7.72393E-06                3.21182961540472E+00
  8.23630E-06                3.21182961540466E+00
  9.16473E-06                3.21182961540453E+00
  9.72949E-06                3.21182961540448E+00
  1.01236E-05                3.21182961540443E+00
  1.05246E-05                3.21182961540438E+00
  1.13266E-05                3.21182961540424E+00
  1.18301E-05                3.21182961540418E+00
  1.22005E-05                3.21182961540412E+00
  1.26118E-05                3.21182961540405E+00
  1.34344E-05                3.21182961540389E+00
  1.39709E-05                3.21182961540381E+00
  1.43787E-05                3.21182961540374E+00
  1.48500E-05                3.21182961540364E+00
  1.57287E-05                3.21182961540344E+00
  1.63540E-05                3.21182961540332E+00
  1.68831E-05                3.21182961540321E+00
  1.76099E-05                3.21182961540303E+00
  1.84317E-05                3.21182961540283E+00
  1.98181E-05                3.21182961540242E+00
  2.08006E-05                3.21182961540220E+00
  2.15326E-05                3.21182961540201E+00
  2.22667E-05                3.21182961540180E+00
  2.37350E-05                3.21182961540127E+00
  2.46615E-05                3.21182961540104E+00
  2.53565E-05                3.21182961540083E+00
  2.61816E-05                3.21182961540053E+00
  2.73918E-05                3.21182961540006E+00
  2.84428E-05                3.21182961539969E+00
  2.98863E-05                3.21182961539908E+00
  3.11693E-05                3.21182961539859E+00
  3.28241E-05                3.21182961539783E+00
  3.44529E-05                3.21182961539710E+00
  3.76065E-05                3.21182961539532E+00
  3.92084E-05                3.21182961539477E+00
  3.99680E-05                3.21182961539450E+00
  4.04982E-05                3.21182961539425E+00
  4.12245E-05                3.21182961539383E+00
  4.23541E-05                3.21182961539314E+00
  4.35617E-05                3.21182961539245E+00
  4.59768E-05                3.21182961539078E+00
  4.74229E-05                3.21182961539010E+00
  4.84240E-05                3.21182961538955E+00
  4.94489E-05                3.21182961538888E+00
  5.14986E-05                3.21182961538729E+00
  5.28714E-05                3.21182961538652E+00
  5.39941E-05                3.21182961538578E+00
  5.55134E-05                3.21182961538459E+00
  5.72387E-05                3.21182961538327E+00
  6.00770E-05                3.21182961538078E+00
  6.20675E-05                3.21182961537942E+00
  6.35675E-05                3.21182961537830E+00
  6.51092E-05                3.21182961537698E+00
  6.81926E-05                3.21182961537382E+00
  7.01167E-05                3.21182961537244E+00
  7.14870E-05                3.21182961537132E+00
  7.29562E-05                3.21182961536989E+00
  7.58947E-05                3.21182961536654E+00
  7.77845E-05                3.21182961536501E+00
  7.92326E-05                3.21182961536365E+00
  8.09595E-05                3.21182961536174E+00
  8.36406E-05                3.21182961535852E+00
  8.58912E-05                3.21182961535619E+00
  8.85425E-05                3.21182961535299E+00
  9.20093E-05                3.21182961534855E+00
  9.52365E-05                3.21182961534468E+00
  9.77038E-05                3.21182961534187E+00
  1.00075E-04                3.21182961533882E+00
  1.02860E-04                3.21182961533493E+00
  1.06541E-04                3.21182961532946E+00
  1.09927E-04                3.21182961532480E+00
  1.14830E-04                3.21182961531675E+00
  1.18454E-04                3.21182961531188E+00
  1.21254E-04                3.21182961530786E+00
  1.23844E-04                3.21182961530380E+00
  1.26905E-04                3.21182961529852E+00
  1.31045E-04                3.21182961529092E+00
  1.34827E-04                3.21182961528456E+00
  1.40158E-04                3.21182961527395E+00
  1.44283E-04                3.21182961526703E+00
  1.47946E-04                3.21182961526026E+00
  1.53090E-04                3.21182961524909E+00
  1.57476E-04                3.21182961524072E+00
  1.62281E-04                3.21182961523029E+00
  1.69027E-04                3.21182961521415E+00
  1.74025E-04                3.21182961520426E+00
  1.77912E-04                3.21182961519605E+00
  1.81872E-04                3.21182961518664E+00
  1.89792E-04                3.21182961516402E+00
  1.94210E-04                3.21182961515600E+00
  1.96798E-04                3.21182961515075E+00
  1.98973E-04                3.21182961514543E+00
  2.02831E-04                3.21182961513387E+00
  2.06390E-04                3.21182961512476E+00
  2.13300E-04                3.21182961510267E+00
  2.17760E-04                3.21182961509258E+00
  2.21127E-04                3.21182961508382E+00
  2.25041E-04                3.21182961507188E+00
  2.31502E-04                3.21182961505011E+00
  2.36464E-04                3.21182961503662E+00
  2.40940E-04                3.21182961502307E+00
  2.48427E-04                3.21182961499584E+00
  2.53945E-04                3.21182961498006E+00
  2.57052E-04                3.21182961497223E+00
  2.59449E-04                3.21182961496483E+00
  2.61228E-04                3.21182961495950E+00
  2.63060E-04                3.21182961495320E+00
  2.66083E-04                3.21182961494151E+00
  2.69757E-04                3.21182961492809E+00
  2.75792E-04                3.21182961490391E+00
  2.81011E-04                3.21182961488613E+00
  2.88463E-04                3.21182961485556E+00
  2.95312E-04                3.21182961483036E+00
  3.05938E-04                3.21182961478335E+00
  3.13380E-04                3.21182961475773E+00
  3.18987E-04                3.21182961473679E+00
  3.24765E-04                3.21182961471219E+00
  3.34517E-04                3.21182961466445E+00
  3.41587E-04                3.21182961463750E+00
  3.47666E-04                3.21182961461138E+00
  3.56218E-04                3.21182961456823E+00
  3.64276E-04                3.21182961453133E+00
  3.78581E-04                3.21182961445119E+00
  3.87182E-04                3.21182961441813E+00
  3.92601E-04                3.21182961439528E+00
  3.97291E-04                3.21182961437218E+00
  4.05739E-04                3.21182961432146E+00
  4.12774E-04                3.21182961428692E+00
  4.21810E-04                3.21182961423394E+00
  4.32012E-04                3.21182961417513E+00
  4.46438E-04                3.21182961408397E+00
  4.57980E-04                3.21182961402168E+00
  4.65612E-04                3.21182961398309E+00
  4.71305E-04                3.21182961395188E+00
  4.77955E-04                3.21182961390875E+00
  4.84836E-04                3.21182961386544E+00
  4.97669E-04                3.21182961377049E+00
  5.06820E-04                3.21182961371939E+00
  5.15066E-04                3.21182961366595E+00
  5.21136E-04                3.21182961362992E+00
  5.27380E-04                3.21182961358678E+00
  5.36135E-04                3.21182961352063E+00
  5.46245E-04                3.21182961344666E+00
  5.61794E-04                3.21182961332107E+00
  5.74001E-04                3.21182961323952E+00
  5.85858E-04                3.21182961315005E+00
  6.07380E-04                3.21182961295619E+00
  6.20538E-04                3.21182961287424E+00
  6.29036E-04                3.21182961281607E+00
  6.36685E-04                3.21182961275486E+00
  6.51983E-04                3.21182961260500E+00
  6.63007E-04                3.21182961252416E+00
  6.73476E-04                3.21182961243387E+00
  6.94413E-04                3.21182961221533E+00
  7.07630E-04                3.21182961211977E+00
  7.17203E-04                3.21182961204054E+00
  7.27587E-04                3.21182961194002E+00
  7.47768E-04                3.21182961171448E+00
  7.61521E-04                3.21182961160210E+00
  7.66722E-04                3.21182961157705E+00
  7.68826E-04                3.21182961156455E+00
  7.69951E-04                3.21182961155606E+00
  7.71131E-04                3.21182961154401E+00
  7.73491E-04                3.21182961151670E+00
  7.78211E-04                3.21182961146196E+00
  7.85056E-04                3.21182961138629E+00
  7.95487E-04                3.21182961126783E+00
  8.07716E-04                3.21182961113519E+00
  8.27780E-04                3.21182961089378E+00
  8.43888E-04                3.21182961073427E+00
  8.61379E-04                3.21182961053361E+00
  8.82822E-04                3.21182961027475E+00
  9.07056E-04                3.21182960998083E+00
  9.38105E-04                3.21182960957745E+00
  9.65234E-04                3.21182960925617E+00
  9.94263E-04                3.21182960887337E+00
  1.00000E-03                3.21182960889942E+00
  1.01147E-03                3.21182960871833E+00
  1.02354E-03                3.21182960855903E+00
  1.04250E-03                3.21182960827371E+00
  1.06075E-03                3.21182960802948E+00
  1.07536E-03                3.21182960784316E+00
  1.08496E-03                3.21182960773098E+00
  1.09418E-03                3.21182960760139E+00
  1.10122E-03                3.21182960751198E+00
  1.10758E-03                3.21182960742384E+00
  1.11367E-03                3.21182960733778E+00
  1.12167E-03                3.21182960721335E+00
  1.13711E-03                3.21182960695197E+00
  1.15217E-03                3.21182960673288E+00
  1.18229E-03                3.21182960619787E+00
  1.20296E-03                3.21182960593022E+00
  1.22067E-03                3.21182960566308E+00
  1.24000E-03                3.21182960534473E+00
  1.27867E-03                3.21182960460245E+00
  1.30287E-03                3.21182960428203E+00
  1.32023E-03                3.21182960401887E+00
  1.33871E-03                3.21182960369151E+00
  1.37566E-03                3.21182960292851E+00
  1.40032E-03                3.21182960256324E+00
  1.42018E-03                3.21182960222285E+00
  1.44611E-03                3.21182960170054E+00
  1.47716E-03                3.21182960107920E+00
  1.49570E-03                3.21182960080329E+00
  1.50264E-03                3.21182960073773E+00
  1.50521E-03                3.21182960071106E+00
  1.50660E-03                3.21182960069017E+00
  1.50819E-03                3.21182960065772E+00
  1.51137E-03                3.21182960058598E+00
  1.51772E-03                3.21182960044233E+00
  1.52875E-03                3.21182960019655E+00
  1.54455E-03                3.21182959985345E+00
  1.56708E-03                3.21182959935613E+00
  1.59402E-03                3.21182959877588E+00
  1.63344E-03                3.21182959786025E+00
  1.66832E-03                3.21182959714673E+00
  1.71125E-03                3.21182959613652E+00
  1.75821E-03                3.21182959504350E+00
  1.82329E-03                3.21182959336966E+00
  1.87232E-03                3.21182959231728E+00
  1.91067E-03                3.21182959144759E+00
  1.94157E-03                3.21182959072965E+00
  1.95530E-03                3.21182959052296E+00
  1.96638E-03                3.21182959025545E+00
  1.97065E-03                3.21182959020350E+00
  1.97362E-03                3.21182959013529E+00
  1.97735E-03                3.21182959003376E+00
  1.98481E-03                3.21182958981269E+00
  1.99850E-03                3.21182958941004E+00
  2.01794E-03                3.21182958886005E+00
  2.04678E-03                3.21182958802155E+00
  2.08027E-03                3.21182958708847E+00
  2.12978E-03                3.21182958558577E+00
  2.17404E-03                3.21182958440163E+00
  2.23357E-03                3.21182958253553E+00
  2.28859E-03                3.21182958096177E+00
  2.36882E-03                3.21182957824757E+00
  2.42788E-03                3.21182957662716E+00
  2.46958E-03                3.21182957546283E+00
  2.48402E-03                3.21182957527830E+00
  2.49481E-03                3.21182957495118E+00
  2.49855E-03                3.21182957490522E+00
  2.50151E-03                3.21182957481319E+00
  2.50743E-03                3.21182957459077E+00
  2.51928E-03                3.21182957414641E+00
  2.53875E-03                3.21182957343309E+00
  2.56691E-03                3.21182957241376E+00
  2.60512E-03                3.21182957102733E+00
  2.65340E-03                3.21182956927030E+00
  2.71425E-03                3.21182956700157E+00
  2.78251E-03                3.21182956447031E+00
  2.87655E-03                3.21182956066406E+00
  2.95140E-03                3.21182955806635E+00
  3.01817E-03                3.21182955554745E+00
  3.06469E-03                3.21182955396574E+00
  3.07762E-03                3.21182955387656E+00
  3.08141E-03                3.21182955381682E+00
  3.08316E-03                3.21182955376776E+00
  3.08604E-03                3.21182955363752E+00
  3.09180E-03                3.21182955337232E+00
  3.10331E-03                3.21182955284010E+00
  3.12463E-03                3.21182955185930E+00
  3.15490E-03                3.21182955052014E+00
  3.19985E-03                3.21182954847753E+00
  3.25203E-03                3.21182954620454E+00
  3.33678E-03                3.21182954210231E+00
  3.40314E-03                3.21182953948302E+00
  3.47009E-03                3.21182953645582E+00
  3.56258E-03                3.21182953181915E+00
  3.64631E-03                3.21182952803627E+00
  3.70884E-03                3.21182952536604E+00
  3.72496E-03                3.21182952530761E+00
  3.72928E-03                3.21182952523773E+00
  3.73145E-03                3.21182952515822E+00
  3.73579E-03                3.21182952491380E+00
  3.74448E-03                3.21182952442984E+00
  3.76185E-03                3.21182952345669E+00
  3.79060E-03                3.21182952188217E+00
  3.83222E-03                3.21182951963423E+00
  3.88893E-03                3.21182951655975E+00
  3.96036E-03                3.21182951268360E+00
  4.05113E-03                3.21182950762414E+00
  4.15113E-03                3.21182950212342E+00
  4.25113E-03                3.21182949664229E+00
  4.35113E-03                3.21182949102245E+00
  4.42831E-03                3.21182948704085E+00
  4.44639E-03                3.21182948709688E+00
  4.45031E-03                3.21182948706457E+00
  4.45584E-03                3.21182948670373E+00
  4.46691E-03                3.21182948596714E+00
  4.48905E-03                3.21182948448707E+00
  4.52449E-03                3.21182948218501E+00
  4.57627E-03                3.21182947883749E+00
  4.64467E-03                3.21182947444181E+00
  4.73428E-03                3.21182946857025E+00
  4.83428E-03                3.21182946215032E+00
  4.93428E-03                3.21182945579707E+00
  5.03428E-03                3.21182944930176E+00
  5.13428E-03                3.21182944267935E+00
  5.16911E-03                3.21182944179695E+00
  5.19332E-03                3.21182944031482E+00
  5.20066E-03                3.21182944018951E+00
  5.20862E-03                3.21182943961778E+00
  5.22454E-03                3.21182943837612E+00
  5.25638E-03                3.21182943588335E+00
  5.30233E-03                3.21182943245922E+00
  5.37276E-03                3.21182942705430E+00
  5.45482E-03                3.21182942106044E+00
  5.55482E-03                3.21182941349705E+00
  5.65482E-03                3.21182940623666E+00
  5.75482E-03                3.21182939881732E+00
  5.85482E-03                3.21182939127212E+00
  5.95482E-03                3.21182938359870E+00
  5.98710E-03                3.21182938284018E+00
  6.00662E-03                3.21182938153820E+00
  6.01355E-03                3.21182938131230E+00
  6.02232E-03                3.21182938056500E+00
  6.03987E-03                3.21182937898426E+00
  6.07498E-03                3.21182937580897E+00
  6.12673E-03                3.21182937133322E+00
  6.20521E-03                3.21182936439484E+00
  6.29912E-03                3.21182935641625E+00
  6.39912E-03                3.21182934803566E+00
  6.49912E-03                3.21182933967518E+00
  6.59912E-03                3.21182933117606E+00
  6.69912E-03                3.21182932254967E+00
  6.79912E-03                3.21182931379520E+00
  6.84526E-03                3.21182931130300E+00
  6.86254E-03                3.21182931051310E+00
  6.86738E-03                3.21182931039828E+00
  6.87374E-03                3.21182930977096E+00
  6.88647E-03                3.21182930846562E+00
  6.91191E-03                3.21182930584807E+00
  6.95901E-03                3.21182930102457E+00
  7.02577E-03                3.21182929445546E+00
  7.12529E-03                3.21182928438292E+00
  7.22529E-03                3.21182927513592E+00
  7.32529E-03                3.21182926570408E+00
  7.42529E-03                3.21182925614833E+00
  7.52529E-03                3.21182924646429E+00
  7.62529E-03                3.21182923665228E+00
  7.72529E-03                3.21182922671228E+00
  7.77539E-03                3.21182922335601E+00
  7.79347E-03                3.21182922249361E+00
  7.79858E-03                3.21182922234665E+00
  7.80545E-03                3.21182922157487E+00
  7.81919E-03                3.21182921997505E+00
  7.84666E-03                3.21182921676720E+00
  7.89870E-03                3.21182921069713E+00
  7.97243E-03                3.21182920246823E+00
  8.07243E-03                3.21182919123766E+00
  8.17243E-03                3.21182918078606E+00
  8.27243E-03                3.21182917014153E+00
  8.37243E-03                3.21182915937371E+00
  8.46438E-03                3.21182914965455E+00
  8.56438E-03                3.21182913832926E+00
  8.66438E-03                3.21182912720990E+00
  8.76438E-03                3.21182911593867E+00
  8.80590E-03                3.21182911343552E+00
  8.83128E-03                3.21182911101171E+00
  8.83969E-03                3.21182911066572E+00
  8.84885E-03                3.21182910955410E+00
  8.86627E-03                3.21182910726835E+00
  8.90110E-03                3.21182910265447E+00
  8.95189E-03                3.21182909625832E+00
  9.03877E-03                3.21182908482717E+00
  9.13877E-03                3.21182907266824E+00
  9.22807E-03                3.21182906252502E+00
  9.30857E-03                3.21182905321399E+00
  9.40857E-03                3.21182904032259E+00
  9.50857E-03                3.21182902815815E+00
  9.60857E-03                3.21182901580456E+00
  9.70857E-03                3.21182900332746E+00
  9.80857E-03                3.21182899072215E+00
  9.90857E-03                3.21182897798898E+00
  1.00086E-02                3.21182896512792E+00
  1.01086E-02                3.21182895213899E+00
  1.02086E-02                3.21182893902217E+00
  1.03086E-02                3.21182892577749E+00
  1.04086E-02                3.21182891240494E+00
  1.05086E-02                3.21182889890453E+00
  1.06086E-02                3.21182888527626E+00
  1.07086E-02                3.21182887152014E+00
  1.08086E-02                3.21182885763616E+00
  1.09086E-02                3.21182884362435E+00
  1.10086E-02                3.21182882948469E+00
  1.11086E-02                3.21182881521720E+00
  1.12086E-02                3.21182880082188E+00
  1.13086E-02                3.21182878629873E+00
  1.14086E-02                3.21182877164776E+00
  1.15086E-02                3.21182875686897E+00
  1.16086E-02                3.21182874196236E+00
  1.17086E-02                3.21182872692795E+00
  1.18086E-02                3.21182871176573E+00
  1.19086E-02                3.21182869647571E+00
  1.20086E-02                3.21182868105790E+00
  1.21086E-02                3.21182866551230E+00
  1.22086E-02                3.21182864983890E+00
  1.23086E-02                3.21182863403773E+00
  1.24086E-02                3.21182861810878E+00
  1.25086E-02                3.21182860205205E+00
  1.26086E-02                3.21182858586755E+00
  1.27086E-02                3.21182856955529E+00
  1.28086E-02                3.21182855311527E+00
  1.29086E-02                3.21182853654749E+00
  1.30086E-02                3.21182851985196E+00
  1.31086E-02                3.21182850302868E+00
  1.32086E-02                3.21182848607766E+00
  1.33086E-02                3.21182846899890E+00
  1.34086E-02                3.21182845179241E+00
  1.35086E-02                3.21182843445818E+00
  1.36086E-02                3.21182841699624E+00
  1.37086E-02                3.21182839940657E+00
  1.38086E-02                3.21182838168918E+00
  1.39086E-02                3.21182836384408E+00
  1.40086E-02                3.21182834587127E+00
  1.41086E-02                3.21182832777076E+00
  1.42086E-02                3.21182830954256E+00
  1.42976E-02                3.21182829387218E+00
  1.43976E-02                3.21182827468849E+00
  1.44976E-02                3.21182825614234E+00
  1.45976E-02                3.21182823741366E+00
  1.46976E-02                3.21182821856125E+00
  1.47976E-02                3.21182819958088E+00
  1.48976E-02                3.21182818047286E+00
  1.49976E-02                3.21182816123718E+00
  1.50976E-02                3.21182814187383E+00
  1.51976E-02                3.21182812238283E+00
  1.52976E-02                3.21182810276418E+00
  1.53976E-02                3.21182808301789E+00
  1.54976E-02                3.21182806314395E+00
  1.55976E-02                3.21182804314237E+00
  1.56976E-02                3.21182802301316E+00
  1.57976E-02                3.21182800275632E+00
  1.58976E-02                3.21182798237186E+00
  1.59976E-02                3.21182796185978E+00
  1.60976E-02                3.21182794122008E+00
  1.61976E-02                3.21182792045277E+00
  1.62976E-02                3.21182789955785E+00
  1.63976E-02                3.21182787853534E+00
  1.64976E-02                3.21182785738522E+00
  1.65976E-02                3.21182783610751E+00
  1.66976E-02                3.21182781470221E+00
  1.67976E-02                3.21182779316933E+00
  1.68976E-02                3.21182777150886E+00
  1.69976E-02                3.21182774972082E+00
  1.70976E-02                3.21182772780521E+00
  1.71976E-02                3.21182770576203E+00
  1.72976E-02                3.21182768359129E+00
  1.73976E-02                3.21182766129299E+00
  1.74976E-02                3.21182763886714E+00
  1.75976E-02                3.21182761631374E+00
  1.76976E-02                3.21182759363279E+00
  1.77976E-02                3.21182757082430E+00
  1.78976E-02                3.21182754788828E+00
  1.79976E-02                3.21182752482472E+00
  1.80976E-02                3.21182750163364E+00
  1.81976E-02                3.21182747831503E+00
  1.82976E-02                3.21182745486891E+00
  1.83976E-02                3.21182743129527E+00
  1.84976E-02                3.21182740759412E+00
  1.85976E-02                3.21182738376547E+00
  1.86976E-02                3.21182735980931E+00
  1.87976E-02                3.21182733572566E+00
  1.88976E-02                3.21182731151452E+00
  1.89976E-02                3.21182728717589E+00
  1.90976E-02                3.21182726270977E+00
  1.91976E-02                3.21182723811618E+00
  1.92976E-02                3.21182721339511E+00
  1.93976E-02                3.21182718854658E+00
  1.94976E-02                3.21182716357058E+00
  1.95976E-02                3.21182713846711E+00
  1.96976E-02                3.21182711323619E+00
  1.97976E-02                3.21182708787782E+00
  1.98976E-02                3.21182706239200E+00
  1.99976E-02                3.21182703677873E+00
  2.00976E-02                3.21182701103803E+00
  2.01976E-02                3.21182698516989E+00
  2.02976E-02                3.21182695917433E+00
  2.03976E-02                3.21182693305133E+00
  2.04976E-02                3.21182690680092E+00
  2.05976E-02                3.21182688042308E+00
  2.06976E-02                3.21182685391784E+00
  2.07976E-02                3.21182682728519E+00
  2.08976E-02                3.21182680052513E+00
  2.09976E-02                3.21182677363767E+00
  2.10976E-02                3.21182674662282E+00
  2.11976E-02                3.21182671948058E+00
  2.12976E-02                3.21182669221095E+00
  2.13976E-02                3.21182666481394E+00
  2.14976E-02                3.21182663728956E+00
  2.15976E-02                3.21182660963780E+00
  2.16976E-02                3.21182658185867E+00
  2.17976E-02                3.21182655395218E+00
  2.18976E-02                3.21182652591833E+00
  2.19976E-02                3.21182649775712E+00
  2.20976E-02                3.21182646946856E+00
  2.21976E-02                3.21182644105266E+00
  2.22976E-02                3.21182641250941E+00
  2.23976E-02                3.21182638383883E+00
  2.24976E-02                3.21182635504091E+00
  2.25976E-02                3.21182632611566E+00
  2.26976E-02                3.21182629706309E+00
  2.27976E-02                3.21182626788320E+00
  2.28976E-02                3.21182623857600E+00
  2.29976E-02                3.21182620914148E+00
  2.30976E-02                3.21182617957966E+00
  2.31976E-02                3.21182614989053E+00
  2.32976E-02                3.21182612007411E+00
  2.33976E-02                3.21182609013040E+00
  2.34976E-02                3.21182606005939E+00
  2.35976E-02                3.21182602986110E+00
  2.36976E-02                3.21182599953553E+00
  2.37976E-02                3.21182596908268E+00
  2.38976E-02                3.21182593850257E+00
  2.39976E-02                3.21182590779518E+00
  2.40976E-02                3.21182587696054E+00
  2.41976E-02                3.21182584599863E+00
  2.42976E-02                3.21182581490947E+00
  2.43976E-02                3.21182578369307E+00
  2.44976E-02                3.21182575234941E+00
  2.45976E-02                3.21182572087852E+00
  2.46976E-02                3.21182568928039E+00
  2.47976E-02                3.21182565755503E+00
  2.48976E-02                3.21182562570244E+00
  2.49976E-02                3.21182559372263E+00
  2.50976E-02                3.21182556161561E+00
  2.51976E-02                3.21182552938136E+00
  2.52976E-02                3.21182549701991E+00
  2.53976E-02                3.21182546453125E+00
  2.54976E-02                3.21182543191540E+00
  2.55976E-02                3.21182539917234E+00
  2.56976E-02                3.21182536630209E+00
  2.57976E-02                3.21182533330466E+00
  2.58976E-02                3.21182530018004E+00
  2.59976E-02                3.21182526692825E+00
  2.60976E-02                3.21182523354928E+00
  2.61976E-02                3.21182520004314E+00
  2.62976E-02                3.21182516640984E+00
  2.63976E-02                3.21182513264937E+00
  2.64976E-02                3.21182509876175E+00
  2.65976E-02                3.21182506474698E+00
  2.66976E-02                3.21182503060506E+00
  2.67976E-02                3.21182499633599E+00
  2.68976E-02                3.21182496193979E+00
  2.69976E-02                3.21182492741645E+00
  2.70976E-02                3.21182489276598E+00
  2.71976E-02                3.21182485798839E+00
  2.72976E-02                3.21182482308367E+00
  2.73976E-02                3.21182478805184E+00
  2.74976E-02                3.21182475289290E+00
  2.75976E-02                3.21182471760684E+00
  2.76976E-02                3.21182468219369E+00
  2.77976E-02                3.21182464665343E+00
  2.78976E-02                3.21182461098608E+00
  2.79976E-02                3.21182457519164E+00
  2.80976E-02                3.21182453927012E+00
  2.81976E-02                3.21182450322151E+00
  2.82976E-02                3.21182446704583E+00
  2.83976E-02                3.21182443074307E+00
  2.84976E-02                3.21182439431325E+00
  2.85976E-02                3.21182435775636E+00
  2.86976E-02                3.21182432107241E+00
  2.87976E-02                3.21182428426141E+00
  2.88976E-02                3.21182424732336E+00
  2.89976E-02                3.21182421025826E+00
  2.90976E-02                3.21182417306612E+00
  2.91976E-02                3.21182413574694E+00
  2.92976E-02                3.21182409830073E+00
  2.93976E-02                3.21182406072749E+00
  2.94976E-02                3.21182402302722E+00
  2.95976E-02                3.21182398519994E+00
  2.96976E-02                3.21182394724564E+00
  2.97976E-02                3.21182390916433E+00
  2.98976E-02                3.21182387095602E+00
  2.99976E-02                3.21182383262070E+00
  3.00976E-02                3.21182379415839E+00
  3.01976E-02                3.21182375556908E+00
  3.02976E-02                3.21182371685278E+00
  3.03976E-02                3.21182367800950E+00
  3.04976E-02                3.21182363903924E+00
  3.05976E-02                3.21182359994200E+00
  3.06976E-02                3.21182356071780E+00
  3.07976E-02                3.21182352136662E+00
  3.08976E-02                3.21182348188849E+00
  3.09976E-02                3.21182344228340E+00
  3.10976E-02                3.21182340255135E+00
  3.11976E-02                3.21182336269235E+00
  3.12976E-02                3.21182332270641E+00
  3.13976E-02                3.21182328259353E+00
  3.14976E-02                3.21182324235372E+00
  3.15976E-02                3.21182320198697E+00
  3.16976E-02                3.21182316149330E+00
  3.17976E-02                3.21182312087270E+00
  3.18976E-02                3.21182308012519E+00
  3.19976E-02                3.21182303925076E+00
  3.20976E-02                3.21182299824942E+00
  3.21976E-02                3.21182295712118E+00
  3.22976E-02                3.21182291586604E+00
  3.23976E-02                3.21182287448400E+00
  3.24976E-02                3.21182283297507E+00
  3.25976E-02                3.21182279133926E+00
  3.26976E-02                3.21182274957656E+00
  3.27976E-02                3.21182270768698E+00
  3.28976E-02                3.21182266567053E+00
  3.29976E-02                3.21182262352721E+00
  3.30976E-02                3.21182258125702E+00
  3.31976E-02                3.21182253885998E+00
  3.32976E-02                3.21182249633608E+00
  3.33976E-02                3.21182245368533E+00
  3.34976E-02                3.21182241090772E+00
  3.35976E-02                3.21182236800328E+00
  3.36976E-02                3.21182232497200E+00
  3.37976E-02                3.21182228181388E+00
  3.38976E-02                3.21182223852894E+00
  3.39976E-02                3.21182219511717E+00
  3.40976E-02                3.21182215157858E+00
  3.41976E-02                3.21182210791317E+00
  3.42976E-02                3.21182206412095E+00
  3.43976E-02                3.21182202020192E+00
  3.44976E-02                3.21182197615609E+00
  3.45976E-02                3.21182193198347E+00
  3.46976E-02                3.21182188768404E+00
  3.47976E-02                3.21182184325783E+00
  3.48976E-02                3.21182179870483E+00
  3.49976E-02                3.21182175402505E+00
  3.50976E-02                3.21182170921850E+00
  3.51976E-02                3.21182166428517E+00
  3.52976E-02                3.21182161922508E+00
  3.53976E-02                3.21182157403822E+00
  3.54976E-02                3.21182152872460E+00
  3.55976E-02                3.21182148328423E+00
  3.56976E-02                3.21182143771711E+00
  3.57976E-02                3.21182139202324E+00
  3.58976E-02                3.21182134620263E+00
  3.59976E-02                3.21182130025529E+00
  3.60976E-02                3.21182125418121E+00
  3.61976E-02                3.21182120798040E+00
  3.62976E-02                3.21182116165287E+00
  3.63976E-02                3.21182111519863E+00
  3.64976E-02                3.21182106861766E+00
  3.65976E-02                3.21182102190999E+00
  3.66976E-02                3.21182097507561E+00
  3.67976E-02                3.21182092811453E+00
  3.68976E-02                3.21182088102676E+00
  3.69976E-02                3.21182083381229E+00
  3.70976E-02                3.21182078647113E+00
  3.71976E-02                3.21182073900329E+00
  3.72976E-02                3.21182069140876E+00
  3.73976E-02                3.21182064368757E+00
  3.74976E-02                3.21182059583970E+00
  3.75976E-02                3.21182054786517E+00
  3.76976E-02                3.21182049976398E+00
  3.77976E-02                3.21182045153613E+00
  3.78976E-02                3.21182040318162E+00
  3.79976E-02                3.21182035470047E+00
  3.80976E-02                3.21182030609268E+00
  3.81976E-02                3.21182025735824E+00
  3.82976E-02                3.21182020849717E+00
  3.83976E-02                3.21182015950947E+00
  3.84976E-02                3.21182011039514E+00
  3.85976E-02                3.21182006115419E+00
  3.86976E-02                3.21182001178663E+00
  3.87976E-02                3.21181996229245E+00
  3.88976E-02                3.21181991267166E+00
  3.89976E-02                3.21181986292427E+00
  3.90976E-02                3.21181981305028E+00
  3.91976E-02                3.21181976304969E+00
  3.92976E-02                3.21181971292251E+00
  3.93976E-02                3.21181966266875E+00
  3.94976E-02                3.21181961228840E+00
  3.95976E-02                3.21181956178148E+00
  3.96976E-02                3.21181951114798E+00
  3.97976E-02                3.21181946038792E+00
  3.98976E-02                3.21181940950129E+00
  3.99976E-02                3.21181935848809E+00
  4.00976E-02                3.21181930734835E+00
  4.01976E-02                3.21181925608205E+00
  4.02976E-02                3.21181920468921E+00
  4.03976E-02                3.21181915316982E+00
  4.04976E-02                3.21181910152390E+00
  4.05976E-02                3.21181904975145E+00
  4.06976E-02                3.21181899785246E+00
  4.07976E-02                3.21181894582695E+00
  4.08976E-02                3.21181889367492E+00
  4.09976E-02                3.21181884139638E+00
  4.10976E-02                3.21181878899132E+00
  4.11976E-02                3.21181873645976E+00
  4.12976E-02                3.21181868380169E+00
  4.13976E-02                3.21181863101713E+00
  4.14976E-02                3.21181857810607E+00
  4.15976E-02                3.21181852506852E+00
  4.16976E-02                3.21181847190449E+00
  4.17976E-02                3.21181841861398E+00
  4.18976E-02                3.21181836519699E+00
  4.19976E-02                3.21181831165353E+00
  4.20976E-02                3.21181825798361E+00
  4.21976E-02                3.21181820418722E+00
  4.22976E-02                3.21181815026437E+00
  4.23976E-02                3.21181809621507E+00
  4.24976E-02                3.21181804203932E+00
  4.25976E-02                3.21181798773713E+00
  4.26976E-02                3.21181793330849E+00
  4.27976E-02                3.21181787875342E+00
  4.28976E-02                3.21181782407192E+00
  4.29976E-02                3.21181776926399E+00
  4.30976E-02                3.21181771432964E+00
  4.31976E-02                3.21181765926887E+00
  4.32976E-02                3.21181760408168E+00
  4.33976E-02                3.21181754876809E+00
  4.34976E-02                3.21181749332809E+00
  4.35976E-02                3.21181743776169E+00
  4.36976E-02                3.21181738206889E+00
  4.37976E-02                3.21181732624970E+00
  4.38976E-02                3.21181727030413E+00
  4.39976E-02                3.21181721423217E+00
  4.40976E-02                3.21181715803383E+00
  4.41976E-02                3.21181710170912E+00
  4.42976E-02                3.21181704525804E+00
  4.43976E-02                3.21181698868059E+00
  4.44976E-02                3.21181693197679E+00
  4.45976E-02                3.21181687514662E+00
  4.46976E-02                3.21181681819011E+00
  4.47976E-02                3.21181676110725E+00
  4.48976E-02                3.21181670389804E+00
  4.49976E-02                3.21181664656249E+00
  4.50976E-02                3.21181658910062E+00
  4.51976E-02                3.21181653151241E+00
  4.52976E-02                3.21181647379787E+00
  4.53976E-02                3.21181641595702E+00
  4.54976E-02                3.21181635798985E+00
  4.55976E-02                3.21181629989636E+00
  4.56976E-02                3.21181624167657E+00
  4.57976E-02                3.21181618333048E+00
  4.58976E-02                3.21181612485808E+00
  4.59976E-02                3.21181606625939E+00
  4.60976E-02                3.21181600753442E+00
  4.61976E-02                3.21181594868315E+00
  4.62976E-02                3.21181588970561E+00
  4.63976E-02                3.21181583060178E+00
  4.64976E-02                3.21181577137169E+00
  4.65976E-02                3.21181571201533E+00
  4.66976E-02                3.21181565253270E+00
  4.67976E-02                3.21181559292382E+00
  4.68976E-02                3.21181553318868E+00
  4.69976E-02                3.21181547332729E+00
  4.70976E-02                3.21181541333965E+00
  4.71976E-02                3.21181535322577E+00
  4.72976E-02                3.21181529298566E+00
  4.73976E-02                3.21181523261931E+00
  4.74976E-02                3.21181517212674E+00
  4.75976E-02                3.21181511150794E+00
  4.76976E-02                3.21181505076292E+00
  4.77976E-02                3.21181498989169E+00
  4.78976E-02                3.21181492889425E+00
  4.79976E-02                3.21181486777060E+00
  4.80976E-02                3.21181480652075E+00
  4.81976E-02                3.21181474514470E+00
  4.82976E-02                3.21181468364246E+00
  4.83976E-02                3.21181462201404E+00
  4.84976E-02                3.21181456025943E+00
  4.85976E-02                3.21181449837863E+00
  4.86976E-02                3.21181443637167E+00
  4.87976E-02                3.21181437423853E+00
  4.88976E-02                3.21181431197923E+00
  4.89976E-02                3.21181424959376E+00
  4.90976E-02                3.21181418708214E+00
  4.91976E-02                3.21181412444437E+00
  4.92976E-02                3.21181406168044E+00
  4.93976E-02                3.21181399879038E+00
  4.94976E-02                3.21181393577417E+00
  4.95976E-02                3.21181387263183E+00
  4.96976E-02                3.21181380936335E+00
  4.97976E-02                3.21181374596876E+00
  4.98976E-02                3.21181368244803E+00
  4.99976E-02                3.21181361880120E+00
  5.00976E-02                3.21181355502824E+00
  5.01976E-02                3.21181349112919E+00
  5.02976E-02                3.21181342710402E+00
  5.03976E-02                3.21181336295276E+00
  5.04976E-02                3.21181329867540E+00
  5.05976E-02                3.21181323427195E+00
  5.06976E-02                3.21181316974241E+00
  5.07976E-02                3.21181310508679E+00
  5.08976E-02                3.21181304030510E+00
  5.09976E-02                3.21181297539733E+00
  5.10976E-02                3.21181291036349E+00
  5.11976E-02                3.21181284520359E+00
  5.12976E-02                3.21181277991763E+00
  5.13976E-02                3.21181271450561E+00
  5.14976E-02                3.21181264896754E+00
  5.15976E-02                3.21181258330343E+00
  5.16976E-02                3.21181251751327E+00
  5.17976E-02                3.21181245159707E+00
  5.18976E-02                3.21181238555484E+00
  5.19976E-02                3.21181231938659E+00
  5.20976E-02                3.21181225309231E+00
  5.21976E-02                3.21181218667200E+00
  5.22976E-02                3.21181212012569E+00
  5.23976E-02                3.21181205345336E+00
  5.24976E-02                3.21181198665502E+00
  5.25976E-02                3.21181191973068E+00
  5.26976E-02                3.21181185268035E+00
  5.27976E-02                3.21181178550402E+00
  5.28976E-02                3.21181171820170E+00
  5.29976E-02                3.21181165077340E+00
  5.30976E-02                3.21181158321911E+00
  5.31976E-02                3.21181151553886E+00
  5.32976E-02                3.21181144773263E+00
  5.33976E-02                3.21181137980043E+00
  5.34976E-02                3.21181131174227E+00
  5.35976E-02                3.21181124355815E+00
  5.36976E-02                3.21181117524808E+00
  5.37976E-02                3.21181110681206E+00
  5.38976E-02                3.21181103825010E+00
  5.39976E-02                3.21181096956219E+00
  5.40976E-02                3.21181090074835E+00
  5.41976E-02                3.21181083180857E+00
  5.42976E-02                3.21181076274287E+00
  5.43976E-02                3.21181069355125E+00
  5.44976E-02                3.21181062423371E+00
  5.45976E-02                3.21181055479026E+00
  5.46976E-02                3.21181048522089E+00
  5.47976E-02                3.21181041552562E+00
  5.48976E-02                3.21181034570445E+00
  5.49976E-02                3.21181027575739E+00
  5.50976E-02                3.21181020568443E+00
  5.51976E-02                3.21181013548559E+00
  5.52976E-02                3.21181006516086E+00
  5.53976E-02                3.21180999471025E+00
  5.54976E-02                3.21180992413377E+00
  5.55976E-02                3.21180985343143E+00
  5.56976E-02                3.21180978260321E+00
  5.57976E-02                3.21180971164914E+00
  5.58976E-02                3.21180964056921E+00
  5.59976E-02                3.21180956936342E+00
  5.60976E-02                3.21180949803179E+00
  5.61976E-02                3.21180942657432E+00
  5.62976E-02                3.21180935499101E+00
  5.63976E-02                3.21180928328187E+00
  5.64976E-02                3.21180921144689E+00
  5.65976E-02                3.21180913948609E+00
  5.66976E-02                3.21180906739947E+00
  5.67976E-02                3.21180899518703E+00
  5.68976E-02                3.21180892284878E+00
  5.69976E-02                3.21180885038473E+00
  5.70976E-02                3.21180877779487E+00
  5.71976E-02                3.21180870507921E+00
  5.72976E-02                3.21180863223776E+00
  5.73976E-02                3.21180855927051E+00
  5.74976E-02                3.21180848617748E+00
  5.75976E-02                3.21180841295868E+00
  5.76976E-02                3.21180833961409E+00
  5.77976E-02                3.21180826614373E+00
  5.78976E-02                3.21180819254761E+00
  5.79976E-02                3.21180811882572E+00
  5.80976E-02                3.21180804497807E+00
  5.81976E-02                3.21180797100467E+00
  5.82976E-02                3.21180789690552E+00
  5.83976E-02                3.21180782268063E+00
  5.84976E-02                3.21180774832999E+00
  5.85976E-02                3.21180767385362E+00
  5.86976E-02                3.21180759925151E+00
  5.87976E-02                3.21180752452367E+00
  5.88976E-02                3.21180744967012E+00
  5.89976E-02                3.21180737469084E+00
  5.90976E-02                3.21180729958585E+00
  5.91976E-02                3.21180722435515E+00
  5.92976E-02                3.21180714899874E+00
  5.93976E-02                3.21180707351664E+00
  5.94976E-02                3.21180699790883E+00
  5.95976E-02                3.21180692217534E+00
  5.96976E-02                3.21180684631615E+00
  5.97976E-02                3.21180677033128E+00
  5.98976E-02                3.21180669422074E+00
  5.99976E-02                3.21180661798452E+00
  6.00976E-02                3.21180654162262E+00
  6.01976E-02                3.21180646513507E+00
  6.02976E-02                3.21180638852185E+00
  6.03976E-02                3.21180631178297E+00
  6.04976E-02                3.21180623491845E+00
  6.05976E-02                3.21180615792827E+00
  6.06976E-02                3.21180608081245E+00
  6.07976E-02                3.21180600357099E+00
  6.08976E-02                3.21180592620390E+00
  6.09976E-02                3.21180584871117E+00
  6.10976E-02                3.21180577109282E+00
  6.11976E-02                3.21180569334885E+00
  6.12976E-02                3.21180561547927E+00
  6.13976E-02                3.21180553748407E+00
  6.14976E-02                3.21180545936326E+00
  6.15976E-02                3.21180538111684E+00
  6.16976E-02                3.21180530274483E+00
  6.17976E-02                3.21180522424723E+00
  6.18976E-02                3.21180514562403E+00
  6.19976E-02                3.21180506687525E+00
  6.20976E-02                3.21180498800088E+00
  6.21976E-02                3.21180490900094E+00
  6.22976E-02                3.21180482987543E+00
  6.23976E-02                3.21180475062435E+00
  6.24976E-02                3.21180467124770E+00
  6.25976E-02                3.21180459174549E+00
  6.26976E-02                3.21180451211773E+00
  6.27976E-02                3.21180443236442E+00
  6.28976E-02                3.21180435248557E+00
  6.29976E-02                3.21180427248117E+00
  6.30976E-02                3.21180419235123E+00
  6.31976E-02                3.21180411209576E+00
  6.32976E-02                3.21180403171477E+00
  6.33976E-02                3.21180395120825E+00
  6.34976E-02                3.21180387057620E+00
  6.35976E-02                3.21180378981865E+00
  6.36976E-02                3.21180370893558E+00
  6.37976E-02                3.21180362792701E+00
  6.38976E-02                3.21180354679293E+00
  6.39976E-02                3.21180346553336E+00
  6.40976E-02                3.21180338414830E+00
  6.41976E-02                3.21180330263775E+00
  6.42976E-02                3.21180322100171E+00
  6.43976E-02                3.21180313924019E+00
  6.44976E-02                3.21180305735320E+00
  6.45976E-02                3.21180297534074E+00
  6.46976E-02                3.21180289320281E+00
  6.47976E-02                3.21180281093942E+00
  6.48976E-02                3.21180272855057E+00
  6.49976E-02                3.21180264603627E+00
  6.50976E-02                3.21180256339652E+00
  6.51976E-02                3.21180248063133E+00
  6.52976E-02                3.21180239774069E+00
  6.53976E-02                3.21180231472462E+00
  6.54976E-02                3.21180223158312E+00
  6.55976E-02                3.21180214831620E+00
  6.56976E-02                3.21180206492385E+00
  6.57976E-02                3.21180198140608E+00
  6.58976E-02                3.21180189776290E+00
  6.59976E-02                3.21180181399432E+00
  6.60976E-02                3.21180173010032E+00
  6.61976E-02                3.21180164608093E+00
  6.62976E-02                3.21180156193615E+00
  6.63976E-02                3.21180147766597E+00
  6.64976E-02                3.21180139327040E+00
  6.65976E-02                3.21180130874946E+00
  6.66976E-02                3.21180122410313E+00
  6.67976E-02                3.21180113933143E+00
  6.68976E-02                3.21180105443437E+00
  6.69976E-02                3.21180096941194E+00
  6.70976E-02                3.21180088426415E+00
  6.71976E-02                3.21180079899100E+00
  6.72976E-02                3.21180071359250E+00
  6.73976E-02                3.21180062806866E+00
  6.74976E-02                3.21180054241947E+00
  6.75976E-02                3.21180045664495E+00
  6.76976E-02                3.21180037074509E+00
  6.77976E-02                3.21180028471990E+00
  6.78976E-02                3.21180019856939E+00
  6.79976E-02                3.21180011229356E+00
  6.80976E-02                3.21180002589242E+00
  6.81976E-02                3.21179993936596E+00
  6.82976E-02                3.21179985271420E+00
  6.83976E-02                3.21179976593713E+00
  6.84976E-02                3.21179967903476E+00
  6.85976E-02                3.21179959200711E+00
  6.86976E-02                3.21179950485416E+00
  6.87976E-02                3.21179941757593E+00
  6.88976E-02                3.21179933017242E+00
  6.89976E-02                3.21179924264363E+00
  6.90976E-02                3.21179915498957E+00
  6.91976E-02                3.21179906721025E+00
  6.92976E-02                3.21179897930566E+00
  6.93976E-02                3.21179889127581E+00
  6.94976E-02                3.21179880312071E+00
  6.95976E-02                3.21179871484036E+00
  6.96976E-02                3.21179862643477E+00
  6.97976E-02                3.21179853790394E+00
  6.98976E-02                3.21179844924787E+00
  6.99976E-02                3.21179836046657E+00
  7.00976E-02                3.21179827156004E+00
  7.01976E-02                3.21179818252829E+00
  7.02976E-02                3.21179809337132E+00
  7.03976E-02                3.21179800408914E+00
  7.04976E-02                3.21179791468175E+00
  7.05976E-02                3.21179782514916E+00
  7.06976E-02                3.21179773549136E+00
  7.07976E-02                3.21179764570837E+00
  7.08976E-02                3.21179755580019E+00
  7.09976E-02                3.21179746576682E+00
  7.10976E-02                3.21179737560826E+00
  7.11976E-02                3.21179728532453E+00
  7.12976E-02                3.21179719491563E+00
  7.13976E-02                3.21179710438155E+00
  7.14976E-02                3.21179701372231E+00
  7.15976E-02                3.21179692293792E+00
  7.16976E-02                3.21179683202836E+00
  7.17976E-02                3.21179674099365E+00
  7.18976E-02                3.21179664983380E+00
  7.19976E-02                3.21179655854880E+00
  7.20976E-02                3.21179646713867E+00
  7.21976E-02                3.21179637560340E+00
  7.22976E-02                3.21179628394300E+00
  7.23976E-02                3.21179619215748E+00
  7.24976E-02                3.21179610024683E+00
  7.25976E-02                3.21179600821108E+00
  7.26976E-02                3.21179591605020E+00
  7.27976E-02                3.21179582376423E+00
  7.28976E-02                3.21179573135315E+00
  7.29976E-02                3.21179563881697E+00
  7.30976E-02                3.21179554615569E+00
  7.31976E-02                3.21179545336933E+00
  7.32976E-02                3.21179536045788E+00
  7.33976E-02                3.21179526742135E+00
  7.34976E-02                3.21179517425975E+00
  7.35976E-02                3.21179508097307E+00
  7.36976E-02                3.21179498756133E+00
  7.37976E-02                3.21179489402452E+00
  7.38976E-02                3.21179480036266E+00
  7.39976E-02                3.21179470657574E+00
  7.40976E-02                3.21179461266377E+00
  7.41976E-02                3.21179451862676E+00
  7.42976E-02                3.21179442446470E+00
  7.43976E-02                3.21179433017761E+00
  7.44976E-02                3.21179423576549E+00
  7.45976E-02                3.21179414122834E+00
  7.46976E-02                3.21179404656617E+00
  7.47976E-02                3.21179395177898E+00
  7.48976E-02                3.21179385686677E+00
  7.49976E-02                3.21179376182956E+00
  7.50976E-02                3.21179366666734E+00
  7.51976E-02                3.21179357138012E+00
  7.52976E-02                3.21179347596790E+00
  7.53976E-02                3.21179338043069E+00
  7.54976E-02                3.21179328476850E+00
  7.55976E-02                3.21179318898132E+00
  7.56976E-02                3.21179309306916E+00
  7.57976E-02                3.21179299703203E+00
  7.58976E-02                3.21179290086993E+00
  7.59976E-02                3.21179280458286E+00
  7.60976E-02                3.21179270817083E+00
  7.61976E-02                3.21179261163385E+00
  7.62976E-02                3.21179251497191E+00
  7.63976E-02                3.21179241818503E+00
  7.64976E-02                3.21179232127320E+00
  7.65976E-02                3.21179222423644E+00
  7.66976E-02                3.21179212707474E+00
  7.67976E-02                3.21179202978811E+00
  7.68976E-02                3.21179193237656E+00
  7.69976E-02                3.21179183484008E+00
  7.70976E-02                3.21179173717869E+00
  7.71976E-02                3.21179163939239E+00
  7.72976E-02                3.21179154148117E+00
  7.73976E-02                3.21179144344506E+00
  7.74976E-02                3.21179134528405E+00
  7.75976E-02                3.21179124699814E+00
  7.76976E-02                3.21179114858734E+00
  7.77976E-02                3.21179105005166E+00
  7.78976E-02                3.21179095139110E+00
  7.79976E-02                3.21179085260566E+00
  7.80976E-02                3.21179075369534E+00
  7.81976E-02                3.21179065466016E+00
  7.82976E-02                3.21179055550012E+00
  7.83976E-02                3.21179045621522E+00
  7.84976E-02                3.21179035680546E+00
  7.85976E-02                3.21179025727086E+00
  7.86976E-02                3.21179015761140E+00
  7.87976E-02                3.21179005782711E+00
  7.88976E-02                3.21178995791798E+00
  7.89976E-02                3.21178985788402E+00
  7.90976E-02                3.21178975772523E+00
  7.91976E-02                3.21178965744162E+00
  7.92976E-02                3.21178955703319E+00
  7.93976E-02                3.21178945649994E+00
  7.94976E-02                3.21178935584188E+00
  7.95976E-02                3.21178925505902E+00
  7.96976E-02                3.21178915415136E+00
  7.97976E-02                3.21178905311890E+00
  7.98976E-02                3.21178895196165E+00
  7.99976E-02                3.21178885067961E+00
  8.00976E-02                3.21178874927279E+00
  8.01976E-02                3.21178864774119E+00
  8.02976E-02                3.21178854608481E+00
  8.03976E-02                3.21178844430367E+00
  8.04976E-02                3.21178834239775E+00
  8.05976E-02                3.21178824036708E+00
  8.06976E-02                3.21178813821165E+00
  8.07976E-02                3.21178803593147E+00
  8.08976E-02                3.21178793352654E+00
  8.09976E-02                3.21178783099687E+00
  8.10976E-02                3.21178772834246E+00
  8.11976E-02                3.21178762556331E+00
  8.12976E-02                3.21178752265943E+00
  8.13976E-02                3.21178741963083E+00
  8.14976E-02                3.21178731647751E+00
  8.15976E-02                3.21178721319947E+00
  8.16976E-02                3.21178710979672E+00
  8.17976E-02                3.21178700626926E+00
  8.18976E-02                3.21178690261709E+00
  8.19976E-02                3.21178679884023E+00
  8.20976E-02                3.21178669493867E+00
  8.21976E-02                3.21178659091242E+00
  8.22976E-02                3.21178648676149E+00
  8.23976E-02                3.21178638248588E+00
  8.24976E-02                3.21178627808558E+00
  8.25976E-02                3.21178617356062E+00
  8.26976E-02                3.21178606891099E+00
  8.27976E-02                3.21178596413669E+00
  8.28976E-02                3.21178585923774E+00
  8.29976E-02                3.21178575421413E+00
  8.30976E-02                3.21178564906587E+00
  8.31976E-02                3.21178554379296E+00
  8.32976E-02                3.21178543839542E+00
  8.33976E-02                3.21178533287323E+00
  8.34976E-02                3.21178522722642E+00
  8.35976E-02                3.21178512145497E+00
  8.36976E-02                3.21178501555891E+00
  8.37976E-02                3.21178490953822E+00
  8.38976E-02                3.21178480339292E+00
  8.39976E-02                3.21178469712301E+00
  8.40976E-02                3.21178459072849E+00
  8.41976E-02                3.21178448420937E+00
  8.42976E-02                3.21178437756566E+00
  8.43976E-02                3.21178427079735E+00
  8.44976E-02                3.21178416390445E+00
  8.45976E-02                3.21178405688697E+00
  8.46976E-02                3.21178394974491E+00
  8.47976E-02                3.21178384247828E+00
  8.48976E-02                3.21178373508707E+00
  8.49976E-02                3.21178362757130E+00
  8.50976E-02                3.21178351993097E+00
  8.51976E-02                3.21178341216608E+00
  8.52976E-02                3.21178330427664E+00
  8.53976E-02                3.21178319626265E+00
  8.54976E-02                3.21178308812412E+00
  8.55976E-02                3.21178297986105E+00
  8.56976E-02                3.21178287147344E+00
  8.57976E-02                3.21178276296130E+00
  8.58976E-02                3.21178265432464E+00
  8.59976E-02                3.21178254556346E+00
  8.60976E-02                3.21178243667776E+00
  8.61976E-02                3.21178232766754E+00
  8.62976E-02                3.21178221853282E+00
  8.63976E-02                3.21178210927359E+00
  8.64976E-02                3.21178199988987E+00
  8.65976E-02                3.21178189038165E+00
  8.66976E-02                3.21178178074894E+00
  8.67976E-02                3.21178167099174E+00
  8.68976E-02                3.21178156111006E+00
  8.69976E-02                3.21178145110391E+00
  8.70976E-02                3.21178134097328E+00
  8.71976E-02                3.21178123071818E+00
  8.72976E-02                3.21178112033862E+00
  8.73976E-02                3.21178100983460E+00
  8.74976E-02                3.21178089920613E+00
  8.75976E-02                3.21178078845321E+00
  8.76976E-02                3.21178067757584E+00
  8.77976E-02                3.21178056657402E+00
  8.78976E-02                3.21178045544777E+00
  8.79976E-02                3.21178034419709E+00
  8.80976E-02                3.21178023282198E+00
  8.81976E-02                3.21178012132245E+00
  8.82976E-02                3.21178000969850E+00
  8.83976E-02                3.21177989795013E+00
  8.84976E-02                3.21177978607735E+00
  8.85976E-02                3.21177967408016E+00
  8.86976E-02                3.21177956195858E+00
  8.87976E-02                3.21177944971260E+00
  8.88976E-02                3.21177933734222E+00
  8.89976E-02                3.21177922484745E+00
  8.90976E-02                3.21177911222831E+00
  8.91976E-02                3.21177899948478E+00
  8.92976E-02                3.21177888661688E+00
  8.93976E-02                3.21177877362460E+00
  8.94976E-02                3.21177866050796E+00
  8.95976E-02                3.21177854726696E+00
  8.96976E-02                3.21177843390160E+00
  8.97976E-02                3.21177832041189E+00
  8.98976E-02                3.21177820679783E+00
  8.99976E-02                3.21177809305943E+00
  9.00976E-02                3.21177797919669E+00
  9.01976E-02                3.21177786520961E+00
  9.02976E-02                3.21177775109820E+00
  9.03976E-02                3.21177763686247E+00
  9.04976E-02                3.21177752250241E+00
  9.05976E-02                3.21177740801804E+00
  9.06976E-02                3.21177729340935E+00
  9.07976E-02                3.21177717867636E+00
  9.08976E-02                3.21177706381906E+00
  9.09976E-02                3.21177694883746E+00
  9.10976E-02                3.21177683373157E+00
  9.11976E-02                3.21177671850139E+00
  9.12976E-02                3.21177660314692E+00
  9.13976E-02                3.21177648766817E+00
  9.14976E-02                3.21177637206514E+00
  9.15976E-02                3.21177625633784E+00
  9.16976E-02                3.21177614048627E+00
  9.17976E-02                3.21177602451044E+00
  9.18976E-02                3.21177590841034E+00
  9.19976E-02                3.21177579218599E+00
  9.20976E-02                3.21177567583740E+00
  9.21976E-02                3.21177555936455E+00
  9.22976E-02                3.21177544276746E+00
  9.23976E-02                3.21177532604614E+00
  9.24976E-02                3.21177520920058E+00
