0.0090734
0.010355
0.015657
0.012629
0.015741
0.01761
0.021276
0.01953
0.014528
0.010524
0.010192
0.0094076
0.0084398
0.0077285
0.0092427
0.010193
0.011508
0.011515
0.0087926
0.007551
0.006788
0.0072716
0.0067934
0.0071578
0.0082432
0.012053
0.01161
0.011884
0.0090814
0.0082099
0.0082169
0.0098042
0.0089295
0.0094201
0.0087831
0.0094924
0.010702
0.010659
0.0087928
0.008704
0.00971
0.011946
0.01192
0.01225
0.0096142
0.010169
0.0071366
0.0069606
0.0087336
0.0085897
0.015327
0.010855
0.012162
0.014777
0.016476
0.012824
0.013281
0.0085684
0.010443
0.0090894
0.0069622
0.0072787
0.0079108
0.0079172
0.0087221
0.0095394
0.0074477
0.0073277
0.0067776
0.0078792
0.0069339
0.0094138
0.0092756
0.0078537
0.0094917
0.0075941
0.009932
0.0086268
0.0066559
0.0072825
0.0081322
0.008518
0.0098582
0.0085912
0.011156
0.012782
0.010802
0.010103
0.0090774
0.0084615
0.010385
0.0091188
0.0071617
0.006806
0.0076414
0.0053649
0.0080964
0.008038
0.0088949
0.010726
0.013198
0.013523
0.012021
0.010652
0.0091414
0.007405
0.0059976
0.0065731
0.0057363
0.0071742
0.0090805
0.0090181
0.008499
0.0080329
0.0077849
0.0073951
0.0083731
0.010376
0.0081345
0.0097202
0.0086727
0.0078254
0.0070807
0.0079323
0.007482
0.008357
0.006695
0.0061022
0.010048
0.012372
0.010967
0.010742
0.011132
0.0088913
0.0075696
0.010902
0.011927
0.010425
0.009683
0.0074644
0.0092698
0.0072443
0.0079947
0.0059626
0.0063402
0.0058508
0.0083979
0.0084399
0.0093612
0.010057
0.0097605
0.0076648
0.010322
0.0077082
0.0061849
0.0071984
0.0062755
0.0085406
0.0097188
0.0099507
0.0085079
0.008436
0.0071969
0.0096812
0.010096
0.009117
0.011771
0.0098686
0.0080019
0.0083579
0.0093279
0.0087301
0.0099106
0.008841
0.0074136
0.0079247
0.0072578
0.0096903
0.011819
0.011192
0.007999
0.0087777
0.0094375
0.013569
0.015338
0.011408
0.0087133
0.010966
0.010735
0.0083307
0.0075125
0.0065183
0.0079883
0.0071937
0.0083659
0.0093493
0.008636
0.0099962
0.0087925
0.0080441
0.0081441
0.0061746
0.0055983
0.0067005
0.0077585
0.013487
0.011368
0.010541
0.0096282
0.010373
0.011751
0.010682
0.0099087
0.011706
0.018647
0.010722
0.0070539
0.0070233
0.0078838
0.0075817
0.0081215
0.0077156
0.0089616
0.010171
0.0070951
0.0089722
0.011135
0.012399
0.010017
0.009162
0.010166
0.013794
0.015753
0.011651
0.0089999
0.010181
0.0091385
0.008584
0.010021
0.010412
0.0086887
0.0090833
0.010289
0.0090095
0.01005
0.0091911
0.011357
0.0082942
0.0077172
0.0055662
0.0062235
0.0066929
0.0084449
0.012575
0.012532
0.014272
0.012376
0.01249
0.014661
0.017385
0.013535
0.016719
0.013557
0.011601
0.0088325
0.0077806
0.0076268
0.0093182
0.0087231
0.0092177
0.010331
0.0113
0.0080821
0.010774
0.011
0.01278
0.0099497
0.010818
0.010449
0.0092139
0.010836
0.0087849
0.010366
0.0060909
0.0084559
0.0098099
0.012995
0.011489
0.0089093
0.01024
0.0095159
0.0088323
0.01187
0.0089687
0.011417
0.0090009
0.0084589
0.0067259
0.0054693
0.0073769
0.0077665
0.010419
0.01496
0.012406
0.013238
0.013555
0.017183
0.01571
0.012033
0.013148
0.012522
0.012272
0.012422
0.0081162
0.007467
0.0080127
0.0093012
0.0092725
0.012616
0.012373
0.0092484
0.014679
0.010347
0.011663
0.010724
0.0084985
0.0078631
0.005987
0.0083706
0.0080223
0.0087734
0.0053383
0.0076609
0.0079513
0.011418
0.013194
0.012656
0.011108
0.012145
0.011905
0.012198
0.01296
0.013861
0.0090075
0.0097633
0.0072198
0.0076675
0.009621
0.0095218
0.010477
0.013888
0.014275
0.010811
0.0155
0.014238
0.012872
0.012144
0.011544
0.012356
0.013522
0.01265
0.011066
0.009779
0.01166
0.011443
0.01202
0.014907
0.013884
0.0154
0.01541
0.01462
0.016715
0.011805
0.0095902
0.0078007
0.0064999
0.0075472
0.0069018
0.0073035
0.0060782
0.0070592
0.010472
0.0097406
0.012153
0.01005
0.011818
0.01025
0.011449
0.021229
0.016346
0.0111
0.0094571
0.0084024
0.0072743
0.0080131
0.0073517
0.0078412
0.010707
0.011276
0.0097419
0.012426
0.014245
0.011579
0.012552
0.012107
0.0082408
0.010773
0.010249
0.010223
0.0094887
0.011284
0.011243
0.01007
0.012321
0.015545
0.013896
0.014065
0.014128
0.013722
0.013522
0.011958
0.0096064
0.010451
0.0081583
0.0064132
0.0068182
0.0060591
0.0070905
0.0070801
0.0085364
0.0091792
0.010365
0.0090851
0.0099282
0.0082087
0.012039
0.014545
0.015525
0.011468
0.010296
0.0083716
0.0081993
0.0087571
0.0084698
0.008162
0.0071278
0.0089146
0.0092058
0.010539
0.012417
0.011878
0.010803
0.0084274
0.0079128
0.010139
0.0083339
0.0096834
0.0076031
0.010196
0.011847
0.013383
0.016008
0.016543
0.015492
0.013746
0.015654
0.013044
0.010112
0.012284
0.012761
0.011593
0.0090075
0.0095445
0.0074684
0.0065384
0.0068575
0.0073573
0.0071366
0.011346
0.0093513
0.010184
0.0080678
0.0066004
0.0076299
0.013173
0.015943
0.012468
0.010892
0.011109
0.0069793
0.0073314
0.007842
0.0072435
0.0082014
0.0091878
0.010573
0.010379
0.012276
0.011434
0.012109
0.0076261
0.0077937
0.0092208
0.0096778
0.0076198
0.0078236
0.0091804
0.010148
0.014697
0.015301
0.016727
0.014146
0.013354
0.013703
0.010617
0.012184
0.010193
0.012083
0.01291
0.011994
0.010271
0.0083113
0.0075969
0.0071107
0.0085253
0.0075748
0.0079962
0.0073599
0.0076371
0.0092901
0.0078376
0.0087948
0.011469
0.010442
0.011315
0.010974
0.0094037
0.0096044
0.0088137
0.0088284
0.0092057
0.0097956
0.010972
0.010643
0.012989
0.010354
0.011348
0.012895
0.0096127
0.011528
0.00886
0.011227
0.011302
0.0097537
0.012692
0.0097075
0.012218
0.012768
0.015857
0.011878
0.011852
0.013237
0.012665
0.011205
0.015754
0.01139
0.011464
0.011803
0.0091888
0.0079497
0.00673
0.0068491
0.0080029
0.00779
0.0096334
0.010245
0.0070299
0.0063993
0.0073929
0.010902
0.011741
0.011307
0.010488
0.010076
0.010426
0.0095044
0.0088388
0.0095961
0.010682
0.0084511
0.0088395
0.011025
0.012753
0.01018
0.0092554
0.010333
0.011154
0.011669
0.01017
0.010889
0.012813
0.011477
0.010943
0.010694
0.010988
0.014189
0.016416
0.014563
0.011002
0.012572
0.012302
0.011674
0.012986
0.012116
0.010196
0.011144
0.0088531
0.0075633
0.0060505
0.0073437
0.0086718
0.0081011
0.007081
0.0076969
0.0092433
0.0086887
0.0085286
0.0097195
0.012406
0.010913
0.0087211
0.009747
0.0078697
0.0098373
0.0088114
0.0093319
0.012287
0.007431
0.0088701
0.0086611
0.008762
0.008556
0.010104
0.0088769
0.011392
0.014985
0.013624
0.0125
0.013351
0.010185
0.011336
0.01203
0.01521
0.016325
0.02133
0.016636
0.013352
0.014794
0.012946
0.013068
0.015613
0.011243
0.011545
0.010339
0.0085299
0.0088029
0.007916
0.0099514
0.0091236
0.0076372
0.00761
0.0091336
0.011938
0.0087102
0.0095056
0.010822
0.010001
0.010261
0.0081454
0.0073089
0.0064152
0.0080568
0.008542
0.010617
0.012037
0.0098309
0.0092582
0.0098188
0.007884
0.0084399
0.0088114
0.010967
0.013321
0.011582
0.013608
0.017799
0.015298
0.0083364
0.011319
0.015939
0.018078
0.0201
0.02514
0.020542
0.014634
0.016556
0.015824
0.013241
0.01183
0.013689
0.013586
0.0090278
0.0076463
0.0069566
0.0062972
0.0063315
0.0079311
0.0062625
0.0056923
0.0076209
0.0096358
0.0097278
0.0094355
0.011911
0.0086983
0.0082188
0.0099096
0.008189
0.0089143
0.0082119
0.0099903
0.011139
0.011289
0.012635
0.012768
0.0098094
0.0078991
0.0071213
0.0094976
0.0097445
0.0089861
0.0082567
0.012716
0.012066
0.011338
0.010089
0.010135
0.012612
0.014552
0.015858
0.028572
0.020716
0.019209
0.015996
0.013772
0.01734
0.015822
0.015476
0.011475
0.0067183
0.0061308
0.0053598
0.0054651
0.006972
0.0082349
0.0077093
0.0075133
0.0091174
0.012378
0.0077736
0.0079147
0.0071629
0.0081259
0.011423
0.0099736
0.0080754
0.0092656
0.0085831
0.012113
0.012472
0.012415
0.011564
0.010195
0.0090393
0.0075247
0.0073896
0.0084099
0.0098816
0.0088251
0.0074825
0.0094123
0.008848
0.0085646
0.010734
0.011995
0.01193
0.013146
0.017859
0.025026
0.016312
0.020391
0.01479
0.01137
0.015823
0.019511
0.010503
0.0092437
0.0054919
0.0059602
0.0052443
0.0053698
0.0051019
0.0056283
0.0078867
0.0078852
0.008802
0.0082145
0.0058496
0.0070507
0.0072366
0.0064356
0.009934
0.010074
0.0089117
0.011066
0.0090308
0.012557
0.012695
0.012273
0.010794
0.010865
0.012106
0.0077726
0.0083301
0.0095135
0.0082539
0.0073601
0.0071984
0.0062337
0.0064226
0.0088538
0.008351
0.0080538
0.0086137
0.012383
0.015948
0.016679
0.020915
0.019728
0.013243
0.011648
0.013906
0.013029
0.010538
0.0073247
0.0060418
0.0089519
0.006097
0.0063121
0.0058742
0.0064875
0.0073676
0.0076534
0.0081401
0.0067313
0.0073862
0.0083699
0.0070266
0.0087945
0.00873
0.010124
0.0093247
0.0095869
0.0097283
0.010821
0.0096679
0.011656
0.010714
0.0090766
0.010499
0.0096002
0.0074719
0.0090777
0.0079805
0.0068306
0.0054153
0.0052031
0.0057656
0.0069232
0.008229
0.0093859
0.0080982
0.010345
0.016445
0.017656
0.016658
0.015929
0.012488
0.012049
0.01444
0.012575
0.011145
0.0086712
0.0065905
0.0053437
0.006462
0.0075445
0.0087645
0.0081036
0.0072652
0.00797
0.007495
0.0062449
0.0069869
0.0059876
0.0068622
0.0084562
0.0087261
0.011624
0.0096242
0.0090676
0.0089757
0.013209
0.0086842
0.0088284
0.0084683
0.0091988
0.0094667
0.010813
0.0099314
0.0088715
0.0083608
0.0067066
0.0058179
0.0057329
0.0054629
0.0067693
0.0077347
0.0083155
0.011051
0.010329
0.014804
0.016671
0.018976
0.020695
0.015524
0.011668
0.012483
0.011901
0.010283
0.008833
0.006969
0.00648
0.0060593
0.0075254
0.0079931
0.0088652
0.010352
0.0090695
0.0083883
0.0070197
0.0080415
0.0070222
0.0087981
0.010166
0.0095761
0.011221
0.0096913
0.0083919
0.010188
0.010885
0.0098569
0.0097209
0.010483
0.0091926
0.010232
0.010268
0.009326
0.0082667
0.0064902
0.0064342
0.0056256
0.0051794
0.0067375
0.007791
0.0080709
0.0085453
0.0077863
0.01012
0.010875
0.011699
0.013122
0.011827
0.011798
0.010467
0.010873
0.0085389
0.0084557
0.0073538
0.005236
0.0048712
0.0055114
0.0088595
0.0091412
0.0097956
0.010621
0.011065
0.010607
0.0086338
0.0084636
0.0080469
0.012864
0.012363
0.012391
0.0077136
0.010515
0.0086895
0.010757
0.0083989
0.0095221
0.01046
0.010527
0.0090574
0.0087404
0.0088892
0.0078221
0.0081259
0.0062196
0.0052171
0.0043061
0.0055874
0.0074154
0.0081186
0.0084042
0.0077393
0.0090808
0.0095485
0.007835
0.010417
0.010887
0.0085989
0.01024
0.011133
0.010636
0.0075096
0.0086118
0.0088768
0.009058
0.0059026
0.0071935
0.0090317
0.011303
0.0090572
0.013192
0.012587
0.010259
0.010629
0.011507
0.01131
0.013864
0.016652
0.014491
0.011211
0.011779
0.011548
0.012274
0.010011
0.0086202
0.010743
0.0094522
0.0080282
0.009594
0.0077648
0.0087587
0.0083273
0.0062306
0.0040161
0.0039655
0.005434
0.0065409
0.0071427
0.0068305
0.0094105
0.010445
0.0098994
0.010738
0.013486
0.012247
0.012626
0.0083216
0.0096982
0.0075876
0.0072494
0.0074495
0.0088031
0.0088699
0.0088136
0.0086457
0.0085661
0.0094684
0.0080291
0.010077
0.011151
0.010415
0.012454
0.010959
0.010516
0.016727
0.021308
0.015981
0.011047
0.01104
0.0089069
0.0095381
0.0073286
0.0070443
0.0085375
0.010823
0.009954
0.0087217
0.0074559
0.0093242
0.0081247
0.0065729
0.0037514
0.004239
0.0048434
0.0055768
0.0070362
0.0067147
0.0058547
0.0076188
0.0083819
0.011896
0.011924
0.015427
0.014427
0.0093124
0.0092587
0.0082633
0.0081466
0.0085054
0.0087794
0.0081057
0.0082206
0.0086623
0.0088438
0.0091505
0.011892
0.010122
0.008845
0.0096602
0.014102
0.019815
0.020237
0.017001
0.022796
0.021116
0.016195
0.011382
0.011897
0.0084465
0.0074611
0.0076799
0.0095203
0.0094351
0.012506
0.0089492
0.0066821
0.0060815
0.0081963
0.0072561
0.0049376
0.0046442
0.0064926
0.0085435
0.0079413
0.0090925
0.0069993
0.0078389
0.0083914
0.0087981
0.0092011
0.012001
0.011951
0.011309
0.008391
0.0075682
0.0083108
0.0094226
0.0073307
0.0079786
0.0095533
0.009551
0.010575
0.01498
0.013952
0.013085
0.010851
0.01099
0.015194
0.018821
0.017183
0.018396
0.014672
0.015846
0.019121
0.013956
0.011305
0.010145
0.011261
0.01134
0.0083126
0.0077052
0.0087144
0.0068689
0.0040717
0.005876
0.0068461
0.0072606
0.0066373
0.0074815
0.010271
0.010831
0.010723
0.01095
0.0074609
0.0085488
0.007771
0.009024
0.0099245
0.0097552
0.0095229
0.01137
0.011124
0.0071138
0.0096163
0.0088626
0.0090812
0.010172
0.0090526
0.01431
0.016496
0.01919
0.016768
0.013132
0.012405
0.0098336
0.013121
0.016584
0.019612
0.012978
0.014408
0.016263
0.01227
0.01069
0.0088404
0.011542
0.01211
0.013056
0.01155
0.0086163
0.0098923
0.0066906
0.0059343
0.0070193
0.0066037
0.0060572
0.0065995
0.0074109
0.012081
0.01385
0.012098
0.011033
0.0090003
0.0089228
0.0094984
0.0086076
0.0089294
0.012186
0.010552
0.012535
0.012406
0.011936
0.010414
0.01019
0.010287
0.010179
0.0097646
0.017534
0.02472
0.021758
0.01686
0.014681
0.012216
0.010897
0.01479
0.012153
0.013249
0.011895
0.010225
0.012068
0.012673
0.0095038
0.01154
0.013152
0.011632
0.013998
0.011186
0.013731
0.0098946
0.0079227
0.0076529
0.0068153
0.0075758
0.007257
0.0093189
0.014169
0.013087
0.0099646
0.011275
0.014021
0.010392
0.010272
0.0071938
0.0098061
0.0095357
0.0093652
0.010424
0.012872
0.011381
0.011256
0.012626
0.0084592
0.010357
0.010901
0.014238
0.016648
0.018073
0.015274
0.014183
0.011696
0.01345
0.012557
0.011751
0.010294
0.010933
0.0093017
0.0080373
0.0097357
0.0094681
0.011735
0.0099646
0.010394
0.0090956
0.0094529
0.011688
0.010476
0.0081183
0.0075695
0.0070399
0.0071038
0.0056055
0.0072514
0.012218
0.012351
0.015678
0.011468
0.012286
0.012214
0.010674
0.010845
0.011862
0.011255
0.013877
0.0079913
0.0088518
0.011543
0.012549
0.010479
0.012225
0.015143
0.016524
0.015208
0.013288
0.015401
0.013411
0.013128
0.01656
0.01343
0.015333
0.014369
0.010144
0.0093769
0.0079717
0.0087936
0.0091091
0.0083939
0.0079546
0.0095717
0.0093443
0.0097934
0.010295
0.0099115
0.010641
0.0083315
0.0074554
0.0079623
0.0071171
0.0089979
0.007326
0.0077683
0.012275
0.017537
0.016478
0.014633
0.012976
0.013786
0.012215
0.0099932
0.0083717
0.00882
0.010556
0.011365
0.012505
0.012963
0.012619
0.011813
0.010785
0.011825
0.018036
0.019625
0.016663
0.014839
0.01116
0.011765
0.011909
0.01083
0.010493
0.013965
0.0083397
0.0070747
0.007213
0.0070791
0.0078057
0.01058
0.0097584
0.0091032
0.0077727
0.011684
0.010885
0.010636
0.012017
0.0097961
0.00846
0.008067
0.012136
0.010433
0.0083906
0.010726
0.011539
0.014659
0.018058
0.016341
0.013357
0.010147
0.013224
0.0093474
0.0069655
0.0075282
0.010513
0.0095399
0.011965
0.0099991
0.010423
0.0081373
0.0084266
0.010583
0.011601
0.014874
0.01283
0.011274
0.0086663
0.010051
0.010907
0.010368
0.0091223
0.010295
0.0063842
0.0060466
0.0062071
0.0063753
0.0079316
0.0091351
0.010342
0.0095225
0.0096554
0.0098071
0.011204
0.013608
0.012682
0.0091081
0.0083534
0.0087248
0.0088222
0.011488
0.009876
0.012108
0.013471
0.013166
0.010084
0.010114
0.0097842
0.011448
0.009409
0.0089647
0.0075136
0.0056167
0.0071687
0.0088626
0.008238
0.0081372
0.0079273
0.0085447
0.0082217
0.008381
0.010212
0.014047
0.010994
0.010213
0.0077406
0.01039
0.010524
0.012855
0.0085318
0.011152
0.0051668
0.0049728
0.0065435
0.0066706
0.0073228
0.0090663
0.0077004
0.0092401
0.010348
0.010549
0.010382
0.011243
0.013704
0.013047
0.011455
0.010541
0.0092908
0.0090825
0.0087638
0.013183
0.013248
0.010221
0.01023
0.0081389
0.010829
0.0098092
0.0092999
0.00994
0.0089813
0.0088413
0.007254
0.0094984
0.0090084
0.0085889
0.011145
0.0095253
0.0094236
0.0097766
0.01298
0.013619
0.01259
0.0097709
0.0099695
0.0088811
0.010123
0.012403
0.013125
0.0098984
0.0054196
0.0051544
0.0069272
0.0059285
0.007625
0.0076532
0.0077776
0.0086578
0.010658
0.010432
0.0082498
0.012595
0.018285
0.015174
0.011554
0.012404
0.011179
0.01099
0.0083318
0.011852
0.013888
0.010889
0.010138
0.0071522
0.0084008
0.0085985
0.0089352
0.0087869
0.011287
0.010314
0.011172
0.009148
0.0082523
0.0088032
0.010655
0.010049
0.0084451
0.0086685
0.0093118
0.0094432
0.0079755
0.010933
0.01094
0.0093977
0.011337
0.013655
0.014232
0.010025
0.0055341
0.0046773
0.0069192
0.007342
0.0073306
0.0074358
0.0065707
0.0082901
0.0094665
0.0091809
0.011678
0.013831
0.019222
0.020685
0.014937
0.016344
0.013292
0.012661
0.010377
0.012512
0.011893
0.011464
0.011466
0.0090892
0.0083602
0.0096684
0.010421
0.0093324
0.010831
0.0098224
0.010138
0.0079332
0.0088741
0.0077765
0.0080653
0.010404
0.0087132
0.0092108
0.0091457
0.0097255
0.010626
0.010419
0.011327
0.011376
0.014637
0.013407
0.013782
0.011641
0.0070619
0.0061598
0.0063429
0.0061705
0.0059526
0.0071415
0.0069425
0.0075515
0.0093739
0.011895
0.012579
0.014964
0.020708
0.017363
0.015663
0.016488
0.015322
0.014764
0.013777
0.012192
0.012897
0.0099695
0.0083528
0.0095114
0.009894
0.0094894
0.011729
0.012084
0.010696
0.013063
0.0098188
0.0084542
0.008919
0.0095734
0.01007
0.011005
0.0098071
0.0097334
0.0095483
0.0098899
0.0098811
0.010136
0.01358
0.011798
0.012162
0.010848
0.011093
0.0090821
0.0082414
0.0081273
0.0064431
0.0062087
0.0071098
0.0066451
0.0069112
0.0072481
0.0065927
0.010582
0.015193
0.011092
0.014392
0.016352
0.012527
0.013402
0.014134
0.016021
0.011012
0.015237
0.012502
0.010056
0.009803
0.012125
0.010392
0.0099638
0.0098802
0.014413
0.010121
0.0093895
0.01026
0.0089272
0.011133
0.010075
0.0091156
0.0088932
0.010699
0.010923
0.011515
0.010478
0.01062
0.010077
0.012316
0.010636
0.0098316
0.010014
0.010402
0.010714
0.0073817
0.0084883
0.0075376
0.0086443
0.0076334
0.0076899
0.0082162
0.0085752
0.0095259
0.013488
0.012891
0.012659
0.011777
0.012941
0.012511
0.011173
0.01356
0.01337
0.01184
0.014224
0.010087
0.0082375
0.011339
0.011391
0.012304
0.010025
0.010177
0.010682
0.008421
0.011897
0.0097268
0.0096767
0.0076328
0.008321
0.0090725
0.010804
0.0095645
0.011054
0.011274
0.0086333
0.012115
0.0095874
0.0096067
0.010029
0.0091593
0.0092515
0.0086655
0.0088814
0.007062
0.0070578
0.0081304
0.0091576
0.0088539
0.0087959
0.011642
0.014434
0.015115
0.018931
0.015628
0.015417
0.01267
0.010277
0.0094145
0.0095788
0.0069979
0.0080272
0.0072588
0.0078005
0.0078186
0.0082393
0.011849
0.012424
0.0091439
0.01101
0.0096886
0.009806
0.011006
0.0095421
0.008046
0.0079346
0.0053068
0.0062514
0.0086974
0.0084861
0.0099575
0.0109
0.01091
0.010125
0.014276
0.013166
0.0089629
0.012076
0.0067183
0.0078865
0.0093758
0.0094395
0.0094792
0.0077443
0.010357
0.011447
0.0096918
0.008357
0.011223
0.01675
0.020025
0.026856
0.022841
0.016539
0.012323
0.010647
0.009925
0.0068768
0.006187
0.0078064
0.0067441
0.0066577
0.0087931
0.0092552
0.011658
0.011403
0.0087358
0.0099784
0.0088608
0.010708
0.0088672
0.007794
0.006473
0.004028
0.0051113
0.0045269
0.0061443
0.0085905
0.011079
0.011061
0.011713
0.011299
0.01673
0.013709
0.013631
0.012583
0.010469
0.0084435
0.0083899
0.010757
0.0095394
0.0088996
0.0085315
0.007299
0.0074395
0.0077727
0.011331
0.013722
0.018319
0.02302
0.021081
0.018021
0.01371
0.0090568
0.0091165
0.0086909
0.0095264
0.0070498
0.0065945
0.0069863
0.0080689
0.0081623
0.0092924
0.010248
0.011008
0.011077
0.010493
0.011704
0.0089764
0.0063674
0.0062546
0.0054716
0.0049243
0.0041465
0.005621
0.0081412
0.0090997
0.009374
0.010507
0.015226
0.014429
0.01092
0.01153
0.012069
0.011512
0.0094015
0.009161
0.0083807
0.0091724
0.010128
0.010683
0.0090915
0.009337
0.010969
0.012849
0.020348
0.018259
0.018894
0.016621
0.014288
0.013541
0.014548
0.011351
0.0081422
0.0090979
0.0090088
0.0077274
0.0072386
0.0094344
0.008925
0.010935
0.011034
0.012896
0.013837
0.011565
0.012179
0.013139
0.010336
0.007546
0.0054137
0.0062977
0.0048996
0.0062001
0.0071678
0.0081077
0.0082284
0.010083
0.012692
0.011573
0.012181
0.014316
0.012081
0.009761
0.0090546
0.007795
0.0097369
0.010179
0.011706
0.0097895
0.0093889
0.0077849
0.012808
0.016384
0.017534
0.01812
0.020056
0.019082
0.013644
0.011996
0.014641
0.012278
0.010494
0.010383
0.01171
0.010103
0.0094876
0.010535
0.0099209
0.010924
0.013855
0.012104
0.013938
0.01606
0.014164
0.012307
0.010753
0.010073
0.0088418
0.0089063
0.0069127
0.0055918
0.0071481
0.0072602
0.009831
0.010115
0.011167
0.011267
0.010862
0.011565
0.010942
0.010122
0.0084447
0.0083692
0.008825
0.010781
0.01133
0.014599
0.011178
0.010748
0.014155
0.013563
0.019582
0.016869
0.014489
0.015157
0.014292
0.011887
0.010887
0.011224
0.01043
0.0104
0.008375
0.0084386
0.009091
0.0088963
0.011305
0.012799
0.012756
0.010875
0.012292
0.012265
0.011099
0.010179
0.010981
0.013529
0.010787
0.0078961
0.0087116
0.0074163
0.0072048
0.0071155
0.011042
0.010695
0.010151
0.0078776
0.010004
0.0095729
0.011577
0.010988
0.0084175
0.0064642
0.0080177
0.010409
0.012228
0.012776
0.012818
0.011376
0.008979
0.013035
0.011969
0.010644
0.0095265
0.010803
0.014551
0.010284
0.010819
0.0093804
0.0080134
0.0085962
0.00889
0.0097109
0.0082661
0.009474
0.0086203
0.010785
0.012878
0.01067
0.012546
0.010438
0.01322
0.013768
0.011889
0.015027
0.013597
0.011616
0.012173
0.0088166
0.0085072
0.0073858
0.0092143
0.01105
0.011448
0.014641
0.012228
0.0097943
0.010492
0.0086516
0.0055068
0.0047722
0.0051801
0.014298
0.015906
0.012386
0.011418
0.011496
0.010512
0.014859
0.011444
0.0093037
0.0089784
0.012019
0.009647
0.0085387
0.012501
0.012062
0.010793
0.010208
0.011394
0.010811
0.0092293
0.012365
0.0085808
0.012107
0.011638
0.010735
0.013468
0.013494
0.013223
0.011907
0.013363
0.016911
0.01521
0.018989
0.017023
0.012593
0.0093911
0.010389
0.012067
0.011959
0.011477
0.016659
0.014442
0.014745
0.011476
0.0076757
0.0055077
0.0042026
0.0052648
0.012484
0.011913
0.011941
0.01127
0.0096083
0.01024
0.01311
0.01134
0.0070349
0.0086293
0.011411
0.0082353
0.010204
0.011773
0.013543
0.014163
0.012517
0.012561
0.0095894
0.0099909
0.011363
0.010768
0.011068
0.012214
0.015544
0.014402
0.014064
0.012754
0.0099836
0.01201
0.015097
0.018355
0.016723
0.013535
0.011854
0.01389
0.011006
0.010013
0.010829
0.011984
0.011352
0.01305
0.011586
0.0097176
0.0072962
0.0067733
0.0065506
0.0059157
0.013155
0.010808
0.010447
0.0096096
0.0101
0.0080813
0.0089974
0.007409
0.0064089
0.0080925
0.0090132
0.011602
0.012836
0.012832
0.012411
0.012948
0.013871
0.013061
0.012087
0.010594
0.009688
0.007862
0.010443
0.01103
0.011348
0.012795
0.017271
0.01349
0.0097954
0.012581
0.012736
0.017426
0.015282
0.013801
0.0095983
0.010331
0.0097275
0.00949
0.012023
0.012681
0.016163
0.013979
0.012481
0.01047
0.0080636
0.0067976
0.0054233
0.0067379
0.0091804
0.01293
0.011541
0.010586
0.008933
0.0096693
0.008435
0.0084058
0.009172
0.010386
0.0087334
0.010976
0.011007
0.0098627
0.0097511
0.011938
0.012225
0.011471
0.011819
0.011485
0.0081279
0.006286
0.006162
0.0084684
0.012615
0.011834
0.011965
0.0124
0.010943
0.012961
0.010702
0.01359
0.011065
0.015131
0.0095468
0.0074741
0.0087387
0.0095739
0.009879
0.01097
0.013356
0.010416
0.010703
0.010181
0.0075531
0.0076544
0.0053889
0.006584
0.0094276
0.012206
0.011374
0.010872
0.0092154
0.01053
0.010631
0.011581
0.010579
0.0078625
0.0085149
0.010006
0.0076432
0.0094454
0.0099647
0.0086378
0.010643
0.012151
0.010605
0.0089456
0.0074213
0.0061883
0.0055038
0.0072724
0.0083732
0.010899
0.0113
0.010199
0.012862
0.010087
0.0093008
0.011663
0.011524
0.012299
0.0095185
0.011592
0.011217
0.0097034
0.0089341
0.01233
0.01455
0.011652
0.0089246
0.0075529
0.0062367
0.0059875
0.0057258
0.0065255
0.012015
0.016561
0.014017
0.012926
0.0090998
0.010655
0.0091425
0.0088772
0.012211
0.0099933
0.0092262
0.010059
0.012221
0.012518
0.014246
0.012238
0.012389
0.0099541
0.010557
0.009329
0.0061613
0.0058359
0.00595
0.0074915
0.0084835
0.010381
0.010804
0.010827
0.01475
0.014197
0.014109
0.012915
0.012649
0.013851
0.01411
0.0098638
0.010012
0.014355
0.010524
0.012744
0.017134
0.013568
0.012783
0.0083491
0.0066833
0.0063661
0.0057567
0.0065275
0.015956
0.015838
0.013039
0.012916
0.011976
0.0090761
0.009833
0.009845
0.010893
0.0095114
0.011168
0.0096099
0.013695
0.012619
0.016087
0.01563
0.010687
0.012628
0.0097398
0.0078972
0.0062807
0.0058918
0.0058132
0.0091162
0.0077589
0.0076158
0.0090167
0.0098492
0.015026
0.011185
0.012511
0.014116
0.014955
0.01462
0.015384
0.01394
0.011332
0.015641
0.015494
0.017029
0.013937
0.0175
0.012576
0.0088461
0.0069619
0.0061431
0.0058682
0.0072343
0.016134
0.016776
0.017885
0.012796
0.012541
0.0095763
0.0098137
0.0082942
0.0083561
0.0098779
0.011359
0.014026
0.014868
0.016783
0.017086
0.017823
0.015424
0.013753
0.012476
0.010946
0.0084653
0.0066533
0.0078527
0.0096608
0.0086802
0.0076909
0.0075094
0.0099106
0.01277
0.013234
0.011916
0.01389
0.012396
0.014375
0.015952
0.015643
0.013233
0.012972
0.01669
0.014502
0.015727
0.014791
0.013279
0.011605
0.0078411
0.0075313
0.0045212
0.0081727
0.014851
0.01354
0.016432
0.012052
0.0089866
0.0098496
0.0098822
0.0092368
0.0078866
0.0096598
0.01082
0.01639
0.017456
0.016539
0.017618
0.018899
0.014744
0.012993
0.01322
0.014083
0.01138
0.0085085
0.01133
0.013504
0.0096855
0.0077457
0.0066182
0.0088198
0.011784
0.013739
0.012664
0.012429
0.010307
0.011662
0.01058
0.010341
0.01181
0.0089003
0.014687
0.015175
0.015264
0.0158
0.012587
0.013143
0.010077
0.0070681
0.0064584
0.0088365
0.0141
0.015991
0.017397
0.012217
0.011793
0.013809
0.01236
0.0085285
0.0098702
0.0090895
0.012175
0.01365
0.017688
0.015804
0.016009
0.012469
0.011978
0.011613
0.012344
0.015785
0.012724
0.012561
0.010677
0.0082719
0.0059121
0.0084817
0.0071583
0.0097169
0.010914
0.010586
0.013897
0.014046
0.013813
0.015693
0.011172
0.010997
0.0091783
0.0097871
0.011389
0.0097009
0.011063
0.010281
0.0086999
0.0092278
0.010055
0.0086327
0.0092956
0.0082384
0.012639
0.012318
0.011746
0.0096549
0.010829
0.014492
0.012823
0.012414
0.008498
0.0090315
0.010435
0.011414
0.01119
0.012908
0.013826
0.010612
0.012398
0.011252
0.011693
0.012265
0.0095585
0.011737
0.012653
0.0097295
0.0071175
0.008968
0.0087301
0.0098508
0.010194
0.011394
0.013239
0.01299
0.013144
0.010992
0.010047
0.0077987
0.0075457
0.0088005
0.0090206
0.010061
0.0099195
0.010524
0.010025
0.0083201
0.0079951
0.0099534
0.0099005
0.0084957
0.010204
0.0099362
0.0098388
0.0097487
0.01218
0.01188
0.010865
0.01226
0.011023
0.013198
0.010859
0.01136
0.01139
0.0096231
0.010947
0.0097038
0.0074587
0.0089725
0.0096562
0.011038
0.01292
0.01191
0.01074
0.011681
0.0088246
0.0077771
0.0085711
0.0099769
0.010064
0.01131
0.013305
0.013457
0.014935
0.0089003
0.0085417
0.0077293
0.0076609
0.0092174
0.011447
0.0098224
0.0097608
0.010443
0.010648
0.0090784
0.010335
0.012972
0.012708
0.009364
0.0082732
0.012718
0.014054
0.011409
0.011215
0.01297
0.014779
0.017641
0.017069
0.01362
0.011257
0.010907
0.010109
0.0091658
0.010603
0.008092
0.0098163
0.0087703
0.0085732
0.011178
0.0106
0.011041
0.01053
0.011786
0.009287
0.0068473
0.0068472
0.0080779
0.0075047
0.0098348
0.0097434
0.014129
0.011077
0.0091683
0.0092572
0.007419
0.0069071
0.0070885
0.0087955
0.0086709
0.0089657
0.0084577
0.0099608
0.0086477
0.01124
0.014128
0.01182
0.010917
0.0078502
0.012403
0.013977
0.012065
0.012697
0.0163
0.019544
0.017833
0.017683
0.013556
0.010648
0.010796
0.0073287
0.010058
0.008369
0.0096212
0.0083514
0.0084229
0.0085988
0.010536
0.0067206
0.0077089
0.010291
0.010922
0.0084295
0.0068745
0.005673
0.0053991
0.0070051
0.009196
0.011713
0.0082377
0.0092612
0.0084846
0.008164
0.0070852
0.0068003
0.0057531
0.0069616
0.009384
0.0084949
0.01145
0.010181
0.010456
0.010419
0.013553
0.014763
0.012161
0.0097742
0.0096934
0.01152
0.011239
0.016906
0.016756
0.017559
0.018267
0.017375
0.016011
0.014174
0.012367
0.0093492
0.010079
0.0089061
0.0064808
0.0079393
0.0079971
0.0065668
0.0064814
0.0066661
0.0071332
0.009116
0.0079508
0.010099
0.0064578
0.0057738
0.0054454
0.0072716
0.0066756
0.0085264
0.0075963
0.0065223
0.0072501
0.010551
0.010023
0.0089671
0.0076182
0.0065011
0.0058195
0.0096989
0.0083332
0.011124
0.0091803
0.011898
0.01287
0.016531
0.012472
0.009061
0.0084928
0.011232
0.011972
0.014584
0.012723
0.010789
0.014588
0.016371
0.014681
0.011186
0.011159
0.010422
0.009219
0.0085187
0.0068944
0.0074252
0.0069299
0.0075358
0.0074346
0.0062046
0.0051184
0.0075426
0.0063805
0.0059525
0.0060739
0.0052916
0.0060438
0.0076635
0.0075296
0.0072124
0.0095104
0.0061925
0.0065757
0.0071827
0.0091707
0.0067139
0.0056341
0.0065211
0.0076458
0.008114
0.0062344
0.0090168
0.0094908
0.015987
0.014769
0.012784
0.014661
0.0070555
0.0074519
0.0082147
0.012265
0.01306
0.010198
0.010485
0.010294
0.011804
0.012551
0.010428
0.00964
0.010433
0.0085221
0.0083548
0.0083277
0.008967
0.0062946
0.0072987
0.0056949
0.0079462
0.0058936
0.0078519
0.0076314
0.0087139
0.0085616
0.0081147
0.0088434
0.008889
0.010412
0.0088809
0.0083572
0.0070438
0.0076001
0.0074149
0.0075945
0.004928
0.0059531
0.0052357
0.0051025
0.0058693
0.0058011
0.0093482
0.011565
0.014802
0.012596
0.015221
0.015248
0.0070173
0.0090585
0.010453
0.011849
0.012751
0.011054
0.0092249
0.0091934
0.0088888
0.009652
0.0080928
0.010334
0.011346
0.011329
0.0075129
0.006638
0.0061739
0.005593
0.0056289
0.0072741
0.0070013
0.0070145
0.0093488
0.010462
0.010718
0.010071
0.012814
0.011898
0.012471
0.012043
0.0087745
0.0092199
0.0070551
0.0069981
0.008191
0.0078926
0.0065841
0.0066089
0.0057872
0.0054002
0.0066508
0.0074407
0.0079413
0.0092934
0.0095187
0.013332
0.012214
0.01222
0.0082664
0.0076701
0.010785
0.011911
0.012283
0.013546
0.009525
0.0092345
0.012512
0.010771
0.0091767
0.0096288
0.0080125
0.0099526
0.0092844
0.006824
0.0058902
0.0056786
0.0061
0.0059575
0.0056968
0.0064713
0.0075791
0.011529
0.0096464
0.011985
0.010663
0.012725
0.012328
0.011726
0.0098107
0.0091561
0.0098995
0.0090916
0.01048
0.0086119
0.0068207
0.0068515
0.0078618
0.0069993
0.0060145
0.0069929
0.0092899
0.0083178
0.010921
0.0084304
0.010977
0.017582
0.0087087
0.00962
0.011606
0.011513
0.013352
0.011041
0.0074363
0.0084553
0.008889
0.008574
0.010271
0.0083862
0.0063892
0.007864
0.0088583
0.0075124
0.0056465
0.0058797
0.0068376
0.0057526
0.0046861
0.0062554
0.0057634
0.0090039
0.012405
0.011788
0.010694
0.010364
0.012933
0.010397
0.0098152
0.0095136
0.0090609
0.0095744
0.010458
0.0086341
0.0076614
0.0060501
0.0059288
0.0061542
0.006621
0.0095588
0.010015
0.0091019
0.00623
0.009844
0.012089
0.014046
0.0089426
0.0087487
0.012221
0.010811
0.012805
0.013338
0.011949
0.0089567
0.0079658
0.0075733
0.0063318
0.0065705
0.0085726
0.0076496
0.008147
0.0068389
0.0073666
0.005636
0.0076593
0.0075656
0.0058815
0.0060006
0.0073035
0.008932
0.010235
0.010816
0.0091147
0.010599
0.01186
0.01159
0.011342
0.010994
0.010236
0.012677
0.01051
0.0092675
0.0082923
0.0064093
0.0048388
0.0057188
0.0069472
0.0088221
0.010798
0.009036
0.0076272
0.011132
0.010169
0.013903
0.0086295
0.011446
0.012168
0.012203
0.010538
0.012434
0.01243
0.01172
0.010839
0.0088239
0.0072284
0.0074748
0.0073966
0.0065519
0.0058412
0.0076515
0.009047
0.0074505
0.0095711
0.0078619
0.006568
0.0056321
0.0068817
0.0073328
0.0073883
0.010657
0.013789
0.012425
0.01224
0.015942
0.018204
0.0092661
0.00979
0.0090767
0.010086
0.0099292
0.0064985
0.0077707
0.0068117
0.0075268
0.0076562
0.0085062
0.0079846
0.0090802
0.011281
0.015912
0.018187
0.01517
0.0066981
0.0087208
0.0082742
0.010635
0.0097976
0.0097948
0.0094328
0.011405
0.011989
0.012693
0.0090588
0.0098362
0.008863
0.0065348
0.0070328
0.0094596
0.010781
0.01178
0.010709
0.0090169
0.0070939
0.0073773
0.0068387
0.0066647
0.007816
0.009308
0.010253
0.010581
0.015503
0.015416
0.015584
0.013218
0.011632
0.009504
0.0075623
0.0076848
0.007869
0.0095944
0.0093089
0.0072595
0.0082343
0.0078141
0.0072487
0.0085337
0.012887
0.013521
0.015691
0.015404
0.0076561
0.0082167
0.0091487
0.011688
0.010176
0.0074011
0.0070987
0.0097452
0.011898
0.012379
0.010643
0.0098131
0.0091816
0.0076637
0.0060134
0.0084476
0.010427
0.012212
0.012192
0.0099369
0.0074484
0.0082217
0.0090086
0.0077102
0.0076173
0.0078726
0.011487
0.012954
0.014973
0.015225
0.017678
0.014747
0.010643
0.0092234
0.0083417
0.0081685
0.007535
0.0083483
0.0092741
0.0071363
0.0075992
0.0066593
0.0088788
0.012392
0.016495
0.013852
0.015776
0.01612
0.008176
0.0081473
0.0099223
0.0098682
0.0088239
0.0063115
0.0062117
0.0076656
0.011449
0.011957
0.010785
0.010675
0.01176
0.010517
0.0073066
0.0089188
0.0099498
0.012583
0.015319
0.010908
0.0086677
0.0079171
0.0075239
0.0076847
0.0075359
0.0096092
0.010716
0.014197
0.011453
0.016846
0.020347
0.01692
0.016691
0.009759
0.0086386
0.0073878
0.0096631
0.0086816
0.0077614
0.0060496
0.0065533
0.007595
0.0069341
0.013378
0.015096
0.015594
0.01347
0.01271
0.0065978
0.0079731
0.011028
0.0093381
0.0077545
0.0054386
0.0065921
0.0069506
0.0087017
0.010363
0.0099325
0.0088228
0.0090191
0.0076531
0.0072401
0.0090096
0.0081106
0.011139
0.012089
0.010476
0.0098788
0.0087779
0.0066938
0.00751
0.010336
0.0093996
0.014174
0.01564
0.01326
0.015193
0.010877
0.010919
0.013574
0.011794
0.0075978
0.012045
0.009777
0.0097391
0.0090154
0.0067555
0.0073585
0.0089081
0.0078966
0.012408
0.015301
0.011155
0.011438
0.010751
0.0079681
0.0082743
0.011441
0.011086
0.0089047
0.0049379
0.0055565
0.0055253
0.0089984
0.0098202
0.010446
0.008801
0.0067795
0.0071743
0.008541
0.008255
0.0065328
0.0084003
0.010039
0.010087
0.0085616
0.0069494
0.0071464
0.007708
0.010436
0.0099557
0.011571
0.012427
0.010473
0.011614
0.014466
0.014193
0.015343
0.010833
0.010932
0.010212
0.013366
0.010497
0.01084
0.010051
0.0081832
0.0057461
0.0084334
0.0090523
0.009096
0.0083086
0.00986
0.0094567
0.005838
0.0080236
0.011119
0.0075803
0.0075639
0.0055236
0.0052799
0.0077944
0.0078352
0.0058366
0.0068214
0.0086008
0.0087966
0.0094876
0.010016
0.0092337
0.0088558
0.009423
0.010509
0.0099123
0.0089452
0.010759
0.0063664
0.0081478
0.011426
0.010949
0.0094303
0.011155
0.0094236
0.0092465
0.0087671
0.013748
0.012851
0.012557
0.013749
0.013627
0.012572
0.011419
0.01227
0.011272
0.010389
0.0098535
0.0094135
0.0081459
0.0086368
0.0066711
0.0056622
0.0064863
0.0061608
0.007622
0.0080542
0.0061276
0.0051367
0.0051636
0.0055909
0.0063171
0.0068906
0.0067382
0.0093307
0.0099134
0.011907
0.012035
0.010086
0.0095167
0.012327
0.010611
0.010095
0.01069
0.0090892
0.010687
0.0095966
0.0095154
0.0094817
0.010749
0.0099852
0.011368
0.010434
0.012539
0.010755
0.015939
0.014994
0.013795
0.015479
0.014151
0.013311
0.015329
0.012645
0.01205
0.010761
0.012271
0.0099348
0.008426
0.0082001
0.0065083
0.0046788
0.0038838
0.0063648
0.007311
0.0073425
0.0059912
0.0065868
0.0052355
0.0059283
0.0070743
0.0064018
0.0063321
0.008306
0.0093581
0.01503
0.014554
0.014529
0.013264
0.012148
0.010789
0.010778
0.010011
0.010121
0.009781
0.010151
0.0097498
0.0075296
0.0093593
0.0096458
0.010932
0.008943
0.011369
0.015224
0.016723
0.012779
0.01313
0.015049
0.017782
0.020509
0.018159
0.011152
0.010977
0.011512
0.0093083
0.0083571
0.0059426
0.0063603
0.0042741
0.0047828
0.0040924
0.0079803
0.0064598
0.0073609
0.0078567
0.0061191
0.0061973
0.0067199
0.0088733
0.008787
0.0084996
0.0094403
0.0099802
0.01151
0.013659
0.013457
0.013884
0.014368
0.0078976
0.0093439
0.012099
0.0098653
0.010382
0.011676
0.0092119
0.0075592
0.0082843
0.0096351
0.010419
0.0097209
0.011771
0.015205
0.014099
0.012614
0.015876
0.018436
0.01281
0.018823
0.016071
0.01334
0.01095
0.011391
0.011961
0.0076019
0.0073729
0.0064392
0.0067545
0.0048632
0.0047715
0.008373
0.0087359
0.0079361
0.0093478
0.0085611
0.0069946
0.0088753
0.0069705
0.0094507
0.0071566
0.0074519
0.0073801
0.010407
0.012932
0.014715
0.017118
0.017933
0.010662
0.0095954
0.011714
0.013835
0.012351
0.012388
0.0072154
0.0070072
0.0082426
0.009504
0.0096803
0.0079406
0.0092336
0.011951
0.01135
0.011306
0.013039
0.015648
0.012626
0.013473
0.014886
0.010998
0.011668
0.013649
0.01251
0.0096703
0.0091412
0.0091052
0.0066618
0.004773
0.0066188
0.010158
0.011824
0.0096227
0.012004
0.0099881
0.0078694
0.0072617
0.0092975
0.0096261
0.0085629
0.0088552
0.011626
0.0097724
0.015608
0.016041
0.025673
0.015457
0.010573
0.0098368
0.0085129
0.00897
0.010269
0.01091
0.0083561
0.0074534
0.0081346
0.0099177
0.010736
0.012884
0.010291
0.0087466
0.0093755
0.010979
0.012474
0.015993
0.018089
0.014882
0.012832
0.010903
0.010008
0.0086836
0.011326
0.0097276
0.0091637
0.0099519
0.0080927
0.0085886
0.0072018
0.010085
0.0081063
0.010211
0.011983
0.0094502
0.0084781
0.0082101
0.010141
0.0099587
0.009546
0.0098619
0.011202
0.01341
0.013895
0.014171
0.021213
0.014957
0.011944
0.0090725
0.0072729
0.0078901
0.0099838
0.010933
0.010532
0.008621
0.011121
0.010553
0.010739
0.013034
0.010118
0.011085
0.0095824
0.010198
0.0088545
0.012608
0.018309
0.014136
0.0089143
0.0076974
0.0090143
0.009445
0.0069065
0.0071516
0.010791
0.013432
0.015
0.011845
0.009595
0.0082246
0.0078801
0.0083861
0.0092451
0.0087575
0.0088561
0.0092452
0.011802
0.010997
0.015286
0.01495
0.014885
0.010551
0.011732
0.012016
0.012235
0.012871
0.0086543
0.0086025
0.0084632
0.0069619
0.0089167
0.0089626
0.0094553
0.0090685
0.011836
0.0090882
0.0098772
0.01127
0.010799
0.01062
0.0088417
0.010345
0.0092595
0.011674
0.020441
0.014266
0.0095506
0.0072716
0.0085423
0.0065015
0.0064344
0.0076354
0.011246
0.016861
0.015768
0.015496
0.011689
0.0060136
0.0062894
0.0061181
0.0066804
0.0084506
0.0088811
0.011732
0.011299
0.014262
0.013684
0.013184
0.013138
0.010977
0.010831
0.01074
0.0095419
0.0099908
0.0074517
0.0087444
0.0075326
0.0069494
0.007716
0.012096
0.0089991
0.0096541
0.011963
0.010987
0.010213
0.0083813
0.0093455
0.0085711
0.014081
0.0086987
0.0099572
0.01396
0.017446
0.017909
0.0096025
0.0074646
0.0064399
0.0071967
0.0059402
0.010641
0.012483
0.010881
0.0153
0.014063
0.010384
0.006985
0.0058747
0.0078559
0.011527
0.0076425
0.01144
0.010935
0.013152
0.015241
0.012289
0.0090398
0.010023
0.011321
0.010411
0.010558
0.011367
0.0086838
0.0083078
0.0093874
0.0069399
0.0069895
0.0072672
0.0075908
0.0085536
0.010344
0.012367
0.013855
0.013081
0.012527
0.01144
0.010714
0.01052
0.011326
0.01084
0.01478
0.015534
0.012929
0.010563
0.0078014
0.0062199
0.0075312
0.0085156
0.0099862
0.0099013
0.01061
0.011579
0.014242
0.011804
0.0099307
0.0077563
0.0096007
0.0098348
0.009511
0.011184
0.011864
0.011592
0.010546
0.012976
0.01114
0.012028
0.014182
0.013792
0.011182
0.009628
0.0071444
0.008738
0.0087279
0.01056
0.0077734
0.0061599
0.0063776
0.009345
0.0081412
0.010813
0.01724
0.016039
0.013258
0.012948
0.013467
0.0096075
0.010524
0.011413
0.01151
0.013965
0.011418
0.0087019
0.0067958
0.0067115
0.0058407
0.00691
0.0088328
0.0076572
0.0076971
0.0076346
0.0099378
0.012845
0.009059
0.009753
0.010948
0.011096
0.01391
0.011208
0.014437
0.011131
0.011837
0.013855
0.012652
0.016332
0.013191
0.015974
0.014483
0.010195
0.013072
0.011755
0.014454
0.012292
0.0094534
0.0069408
0.0070446
0.0065949
0.0076479
0.0095173
0.013837
0.010312
0.011163
0.011173
0.013683
0.0097452
0.0071149
0.010094
0.010622
0.0090265
0.0086323
0.0080393
0.0081881
0.0058342
0.0059925
0.0081212
0.0082692
0.0067898
0.0064019
0.0062083
0.008664
0.010206
0.0097568
0.010159
0.010997
0.011622
0.012191
0.018419
0.014981
0.0098724
0.011465
0.008189
0.011211
0.012353
0.012287
0.013315
0.010823
0.012354
0.013258
0.014165
0.01291
0.014401
0.0092535
0.0078419
0.0062555
0.0054065
0.0059333
0.0073298
0.011435
0.0093023
0.010714
0.011503
0.011495
0.009265
0.0073561
0.0075471
0.0080285
0.0088153
0.0094268
0.0090523
0.0076509
0.0062803
0.0079112
0.0076819
0.0085396
0.0083677
0.0077691
0.0072016
0.0076845
0.0076598
0.0091036
0.011561
0.014227
0.011422
0.012411
0.013137
0.0097711
0.0083942
0.0088426
0.0067797
0.0077007
0.012399
0.011902
0.011809
0.0095749
0.012048
0.0138
0.013324
0.011655
0.0098348
0.0087028
0.0085151
0.0061084
0.0069406
0.0073426
0.0061455
0.008798
0.0097389
0.0095601
0.010727
0.0096141
0.009019
0.0089281
0.0072508
0.0057611
0.0068425
0.0063988
0.0079382
0.0068789
0.010181
0.01152
0.012982
0.011252
0.010705
0.0088624
0.0098027
0.0085448
0.0079148
0.0087376
0.012905
0.017421
0.011821
0.010049
0.0089152
0.0068302
0.0091673
0.0083198
0.0071143
0.0096897
0.013188
0.013737
0.012671
0.011337
0.010005
0.010883
0.01188
0.011636
0.0076064
0.0075856
0.0064303
0.0054099
0.0077679
0.0076549
0.0078435
0.0077529
0.009149
0.01135
0.012268
0.010409
0.009125
0.0077468
0.0066538
0.0080661
0.0077594
0.0076712
0.0085789
0.0088155
0.013452
0.016262
0.017376
0.014826
0.011353
0.011234
0.0075517
0.0082022
0.0091551
0.0085744
0.012641
0.011833
0.0098512
0.0094545
0.0095898
0.0071089
0.008467
0.008547
0.0092886
0.0077261
0.010866
0.01356
0.014311
0.010293
0.0084423
0.008859
0.0079166
0.0088058
0.006973
0.0064726
0.0054001
0.0056477
0.0085201
0.010841
0.010811
0.011411
0.010801
0.011157
0.016072
0.011764
0.011528
0.0073293
0.0068516
0.0075522
0.0090812
0.0078409
0.0086239
0.0101
0.011238
0.015141
0.019135
0.015344
0.014754
0.014756
0.01082
0.0083546
0.011136
0.010551
0.0076178
0.010693
0.0089437
0.0064169
0.0094527
0.0085996
0.0097746
0.0081838
0.0092977
0.010289
0.011818
0.013508
0.014365
0.010239
0.0098735
0.007466
0.0083849
0.010145
0.0095603
0.0093821
0.0078258
0.0059979
0.0069966
0.014248
0.017483
0.011537
0.015154
0.012251
0.011116
0.01307
0.012021
0.0090136
0.0073718
0.005792
0.0068666
0.0082677
0.0073165
0.010185
0.011158
0.013331
0.016232
0.012354
0.014346
0.018641
0.012013
0.010942
0.0094964
0.009338
0.010361
0.0087671
0.0093945
0.0067392
0.010804
0.010562
0.0092933
0.008591
0.010454
0.010775
0.012197
0.012204
0.015775
0.010219
0.01173
0.008496
0.006474
0.007837
0.0098819
0.010092
0.0096978
0.0069217
0.0082976
0.012481
0.021557
0.014068
0.014439
0.016906
0.012173
0.013638
0.012561
0.0099849
0.0090551
0.0086577
0.0065143
0.0064953
0.0074744
0.0093746
0.010443
0.012557
0.011704
0.014313
0.016857
0.01853
0.01536
0.011687
0.010638
0.010202
0.0099153
0.0086601
0.0081991
0.0077302
0.0091837
0.010375
0.010187
0.0065062
0.0092923
0.0097959
0.01038
0.010281
0.011361
0.0085166
0.0097953
0.009356
0.007429
0.008575
0.0092234
0.010604
0.0094776
0.0097993
0.011062
0.011842
0.016488
0.016987
0.011515
0.016951
0.017053
0.015383
0.018571
0.011281
0.010595
0.010896
0.011006
0.011205
0.010905
0.012182
0.011084
0.011775
0.012977
0.011511
0.016115
0.021067
0.017126
0.012276
0.0087376
0.0073033
0.0086129
0.0061594
0.0074092
0.0086699
0.010896
0.01214
0.011236
0.0094697
0.010029
0.0093007
0.0086779
0.0072923
0.0096197
0.0090497
0.0086594
0.0097876
0.0081634
0.007883
0.0086684
0.011571
0.013825
0.01423
0.013391
0.013766
0.015067
0.014308
0.015623
0.016071
0.015783
0.014765
0.015245
0.014462
0.011929
0.011607
0.011213
0.012201
0.013853
0.010455
0.0092165
0.0073688
0.012062
0.011264
0.01355
0.01294
0.012227
0.010127
0.0070246
0.0069085
0.0081849
0.0074343
0.0068573
0.0077608
0.0096905
0.0081737
0.0088359
0.010882
0.010953
0.0088049
0.0078879
0.0086252
0.0076062
0.0086515
0.0090907
0.0096897
0.0089627
0.0063483
0.0080574
0.0087711
0.0092013
0.01443
0.014051
0.014795
0.01718
0.01816
0.013881
0.012834
0.012214
0.011203
0.011793
0.013439
0.013732
0.010972
0.013562
0.012321
0.011109
0.012828
0.011273
0.010496
0.010019
0.0096837
0.014959
0.013755
0.012478
0.0081309
0.0066671
0.0054472
0.007143
0.0088686
0.006796
0.0091888
0.009804
0.007393
0.0089755
0.0091555
0.0094208
0.0078519
0.0075995
0.0088009
0.0098084
0.0088692
0.009698
0.0095078
0.0074419
0.0068772
0.0065232
0.0076724
0.0093379
0.016273
0.017667
0.016849
0.014845
0.010145
0.010921
0.014854
0.014063
0.014012
0.012727
0.016895
0.013594
0.014794
0.012812
0.014326
0.011599
0.011904
0.0088324
0.011436
0.01253
0.011072
0.015649
0.013214
0.013951
0.0085807
0.0068609
0.0067448
0.0083504
0.01204
0.010193
0.010963
0.013738
0.011472
0.0084988
0.0079381
0.009235
0.0080812
0.0075258
0.0080642
0.0095361
0.0092648
0.0094362
0.0098337
0.00825
0.0087443
0.0064211
0.0087433
0.014513
0.017271
0.019658
0.01269
0.012423
0.0092491
0.011122
0.012542
0.012068
0.010829
0.014769
0.014553
0.012357
0.010916
0.010501
0.01364
0.013412
0.011137
0.010632
0.0092936
0.010473
0.0094283
0.01308
0.014024
0.0099379
0.0068176
0.0068219
0.010649
0.010279
0.012024
0.0097359
0.012475
0.013879
0.015168
0.010562
0.0091124
0.0085571
0.0075278
0.0056997
0.0080239
0.0098029
0.012089
0.0091424
0.0079448
0.0073235
0.0079924
0.0086934
0.010529
0.013037
0.014398
0.015829
0.0096328
0.0076073
0.0082783
0.01175
0.012381
0.012259
0.0098785
0.012879
0.012838
0.011698
0.014948
0.0096529
0.010374
0.0081906
0.010923
0.0096537
0.0071035
0.0080203
0.0082342
0.0096608
0.0088109
0.0086629
0.0075191
0.0081865
0.0097217
0.01033
0.0091885
0.010283
0.013562
0.014908
0.011836
0.012144
0.0081397
0.0068001
0.0083601
0.0088347
0.0111
0.009952
0.0087052
0.0076376
0.0056828
0.0067503
0.0073981
0.0098629
0.016191
0.013829
0.012119
0.010707
0.010077
0.0066908
0.0072521
0.0092381
0.013542
0.012039
0.010674
0.01183
0.012791
0.01148
0.012051
0.010306
0.0099149
0.0080999
0.0080063
0.0080608
0.0066868
0.0053429
0.0083846
0.0082523
0.0075382
0.0085836
0.0087108
0.0089921
0.011175
0.010328
0.013579
0.016177
0.01146
0.0094942
0.0077089
0.0081139
0.0080577
0.0097803
0.010822
0.01287
0.01204
0.0076723
0.0063877
0.004322
0.00555
0.0061105
0.0084386
0.0091058
0.011604
0.01402
0.013599
0.010652
0.0082548
0.0067098
0.0058152
0.0073839
0.0096153
0.011893
0.01198
0.01272
0.015616
0.014507
0.010816
0.010034
0.0086568
0.0080985
0.006302
0.0052635
0.0086214
0.007807
0.0095656
0.0092456
0.0074724
0.0094123
0.010269
0.010722
0.01416
0.011589
0.010536
0.013872
0.013526
0.01083
0.0064253
0.0062761
0.0069213
0.0098313
0.013631
0.015281
0.014674
0.0095406
0.0076082
0.0064504
0.0065073
0.0068833
0.0082274
0.01118
0.011525
0.016427
0.011445
0.013742
0.0086089
0.0082761
0.0083883
0.0084409
0.010224
0.012216
0.013717
0.013628
0.012309
0.015585
0.014497
0.0094571
0.0069077
0.0069159
0.0065288
0.0081632
0.0095227
0.011381
0.010113
0.011476
0.0098083
0.006896
0.0073153
0.0081286
0.012383
0.012057
0.014388
0.016295
0.013605
0.0072921
0.0062553
0.005335
0.0061143
0.0071177
0.013967
0.015255
0.015748
0.011721
0.010538
0.0077641
0.0065939
0.0062913
0.0091278
0.010967
0.012015
0.012215
0.015008
0.015869
0.014817
0.010477
0.0094389
0.011272
0.01048
0.012704
0.010137
0.0079385
0.008011
0.0097045
0.010697
0.0076316
0.0075004
0.0064084
0.0063774
0.010059
0.0098177
0.010073
0.010557
0.010002
0.0082711
0.0063701
0.007285
0.0079101
0.011953
0.01243
0.017776
0.012662
0.0096983
0.0072152
0.0051951
0.0044163
0.0058995
0.0085483
0.008827
0.01285
0.015646
0.011968
0.0087909
0.0096418
0.0096432
0.0081966
0.010017
0.010923
0.013071
0.014567
0.015126
0.01472
0.013877
0.015971
0.011855
0.012383
0.0093103
0.0095004
0.010349
0.00746
0.0086829
0.0087644
0.012779
0.0084803
0.0074658
0.0062222
0.0071561
0.010085
0.0093868
0.010081
0.010248
0.0098302
0.0080134
0.0082316
0.0071924
0.0068757
0.014999
0.015779
0.015377
0.011819
0.01189
0.0098359
0.0064295
0.005966
0.0062162
0.0079173
0.0086417
0.007737
0.014116
0.012625
0.010365
0.0090692
0.013133
0.0099795
0.01065
0.011276
0.013057
0.01523
0.017994
0.013335
0.01217
0.017646
0.015825
0.010012
0.0090629
0.008152
0.0078843
0.0076548
0.0071871
0.0082309
0.012387
0.0096942
0.0086103
0.008262
0.0077137
0.0085331
0.011838
0.010161
0.014831
0.013559
0.011253
0.012356
0.0075469
0.0073695
0.016987
0.01837
0.011918
0.013056
0.012201
0.011059
0.0091316
0.007414
0.007725
0.0070551
0.0094488
0.0091363
0.010442
0.0092836
0.010775
0.0095857
0.010456
0.010225
0.013506
0.0090147
0.0095757
0.013915
0.011382
0.012307
0.011047
0.011914
0.0087014
0.0069064
0.0062893
0.0075077
0.0058242
0.0049977
0.0077954
0.0091694
0.0081031
0.010224
0.011043
0.010362
0.0091771
0.013632
0.014691
0.014247
0.012783
0.012572
0.009624
0.011046
0.0065422
0.0066288
0.0153
0.016052
0.013075
0.0099304
0.0090461
0.012538
0.01173
0.0095648
0.0089858
0.008279
0.0084643
0.0091346
0.012135
0.0097948
0.0094421
0.010548
0.012834
0.013698
0.012045
0.0094609
0.0092001
0.0085272
0.0078005
0.0076697
0.010429
0.0093345
0.0073515
0.0058526
0.0053769
0.0045373
0.0050566
0.0060993
0.0071122
0.009187
0.010326
0.011256
0.0109
0.01074
0.01231
0.011473
0.013017
0.013514
0.012657
0.012987
0.0099399
0.012094
0.0068739
0.0062392
0.014023
0.01421
0.014321
0.013661
0.012859
0.014037
0.01272
0.0093158
0.010189
0.010503
0.0080037
0.01142
0.0091177
0.0094429
0.0095448
0.011148
0.011337
0.013503
0.0097223
0.0064548
0.008066
0.007089
0.0077626
0.007264
0.0077599
0.008624
0.0081978
0.0075445
0.0059196
0.0057274
0.0062213
0.0069593
0.0090792
0.0061053
0.0096384
0.011885
0.012744
0.010054
0.0097
0.010444
0.010712
0.014218
0.011899
0.010697
0.0089812
0.0088489
0.0080964
0.0072692
0.01201
0.013779
0.013982
0.014679
0.011683
0.011732
0.013199
0.0099283
0.0087084
0.01084
0.012222
0.012315
0.010871
0.010646
0.010193
0.012695
0.013124
0.012294
0.0098275
0.0080492
0.0082428
0.0081105
0.0067173
0.0060831
0.0089205
0.0089846
0.011764
0.011075
0.010212
0.0078804
0.0077066
0.0076574
0.0064812
0.0086984
0.0079921
0.013049
0.010517
0.01043
0.011379
0.010509
0.0088382
0.010497
0.012623
0.010347
0.010338
0.0083611
0.0062515
0.0072247
0.011922
0.01264
0.013938
0.015657
0.017211
0.017022
0.014938
0.010493
0.0091764
0.0086277
0.0093176
0.0097595
0.014478
0.014524
0.011431
0.010383
0.011988
0.011662
0.0089976
0.0073843
0.0057202
0.0093032
0.0082456
0.0069394
0.0079508
0.0088821
0.010077
0.010457
0.011422
0.011506
0.014561
0.011952
0.0077861
0.0079315
0.008444
0.007651
0.0079117
0.0068775
0.010646
0.0099086
0.0071385
0.0084141
0.010802
0.008372
0.011807
0.0097585
0.007887
0.0083965
0.0099422
0.013758
0.014719
0.012957
0.015792
0.017082
0.012539
0.011208
0.0098791
0.0092103
0.0098474
0.013055
0.012017
0.013728
0.011393
0.012855
0.0091239
0.0087143
0.0088927
0.0068659
0.0060314
0.0065988
0.0058134
0.0061526
0.0061234
0.010369
0.011339
0.010898
0.014601
0.015037
0.01485
0.015155
0.01084
0.0076505
0.0080918
0.0083417
0.0068037
0.0078736
0.0087127
0.0096399
0.0069092
0.0079787
0.0096372
0.0082719
0.0099142
0.011409
0.012494
0.01089
0.0070068
0.0076162
0.010407
0.010792
0.013424
0.016785
0.012795
0.011048
0.0090322
0.009709
0.012629
0.012019
0.012609
0.012736
0.012596
0.015128
0.011874
0.0077044
0.010907
0.008873
0.0073153
0.004649
0.0057528
0.0068658
0.0054315
0.008553
0.0090158
0.010979
0.015705
0.016903
0.021643
0.014852
0.0097472
0.0096981
0.009494
0.0089564
0.0082043
0.0076669
0.0090977
0.0085981
0.0076145
0.008363
0.010437
0.0089189
0.010627
0.01341
0.010038
0.013559
0.0078044
0.0074469
0.0087173
0.0097596
0.013301
0.01399
0.0095266
0.0088601
0.010553
0.011705
0.011975
0.01094
0.012781
0.013776
0.010196
0.013184
0.011431
0.012809
0.010085
0.010118
0.0074012
0.0068182
0.006655
0.0060597
0.0059966
0.0067863
0.010627
0.013278
0.017182
0.021037
0.019959
0.011085
0.0088136
0.006511
0.0080233
0.0092267
0.0094283
0.0090774
0.0086361
0.0082711
0.0083682
0.0089061
0.0086729
0.0084668
0.01055
0.01145
0.014374
0.017055
0.0065699
0.0062552
0.0090919
0.012475
0.014196
0.011215
0.011524
0.010806
0.012892
0.015016
0.015568
0.014673
0.015834
0.015598
0.013882
0.013973
0.012461
0.010703
0.01222
0.01156
0.009203
0.0075447
0.0073964
0.0063708
0.0061254
0.008194
0.011518
0.017247
0.015134
0.019913
0.016722
0.012057
0.011771
0.01138
0.010384
0.012131
0.0092229
0.0086202
0.0096085
0.0075684
0.008784
0.0088289
0.006616
0.0066453
0.0075951
0.010698
0.014506
0.013121
0.0052261
0.0062285
0.0094108
0.013096
0.013311
0.012304
0.011012
0.010425
0.013099
0.014246
0.01616
0.016077
0.011317
0.016909
0.014428
0.0113
0.010703
0.0082745
0.0089548
0.0085256
0.0095559
0.01076
0.0081728
0.008962
0.0084886
0.0089177
0.011997
0.015247
0.018389
0.017129
0.0202
0.013789
0.01339
0.010951
0.010152
0.011365
0.0094323
0.0094848
0.0088642
0.007829
0.0068213
0.0069893
0.0075907
0.0059887
0.0087332
0.010975
0.011743
0.011423
0.0069076
0.0091242
0.011071
0.011083
0.011252
0.010206
0.011605
0.013382
0.011941
0.012545
0.018015
0.016748
0.015851
0.013726
0.013541
0.012727
0.0092671
0.0086868
0.0062687
0.0070972
0.0080117
0.0075373
0.0098965
0.0092329
0.0086959
0.0086817
0.0096047
0.016852
0.014415
0.011956
0.014087
0.013637
0.012406
0.01141
0.010584
0.011177
0.010247
0.0092981
0.0072779
0.0051157
0.0050793
0.0057802
0.0077229
0.010376
0.010106
0.010174
0.0074877
0.0097247
0.0087718
0.012458
0.011116
0.013766
0.011485
0.012763
0.014511
0.012171
0.011815
0.014763
0.013968
0.014819
0.016211
0.013026
0.0097553
0.0096475
0.0081384
0.0071783
0.0074467
0.0064734
0.0079616
0.0079658
0.0082441
0.0069746
0.0070453
0.0093891
0.0096773
0.012447
0.015672
0.014858
0.015896
0.014844
0.018214
0.014979
0.015143
0.011122
0.0081074
0.0085774
0.0055423
0.0058201
0.0053853
0.0056697
0.0097966
0.010097
0.008802
0.0081526
0.0081067
0.012829
0.010351
0.011239
0.0096753
0.010608
0.012322
0.015253
0.010664
0.010326
0.014022
0.013319
0.0138
0.016653
0.017491
0.012873
0.0087315
0.010112
0.0080684
0.008904
0.0084359
0.0071044
0.0090404
0.0091885
0.0074275
0.0068282
0.0085583
0.008399
0.011509
0.015378
0.014381
0.015563
0.01306
0.013376
0.014275
0.015041
0.017896
0.014471
0.01254
0.0075733
0.0067898
0.0054454
0.0058314
0.006843
0.010662
0.010606
0.0093918
0.0081432
0.0082517
0.009021
0.0083517
0.0074494
0.0088316
0.0082335
0.011099
0.013028
0.0088475
0.010353
0.012167
0.013524
0.014109
0.013486
0.0097818
0.01022
0.01108
0.01037
0.0091408
0.0074161
0.0083759
0.0068359
0.0079149
0.0064678
0.0081351
0.0091761
0.010058
0.01032
0.013083
0.011439
0.011698
0.013037
0.010744
0.011506
0.013328
0.011424
0.015411
0.014512
0.014479
0.010022
0.0092625
0.0073404
0.0069164
0.010245
0.014792
0.012402
0.012873
0.0081696
0.009444
0.0078404
0.0069003
0.0082957
0.0074638
0.0086409
0.011361
0.010044
0.010478
0.0087017
0.01169
0.015624
0.012789
0.0098167
0.0086348
0.011615
0.011172
0.0086065
0.010195
0.0095131
0.011502
0.0089974
0.0079841
0.0057593
0.0059836
0.0069463
0.0080197
0.0094186
0.0095846
0.0082055
0.013591
0.012876
0.0097511
0.012374
0.011416
0.012491
0.014925
0.011696
0.010225
0.0087051
0.0096736
0.011275
0.0087768
0.0096335
0.010785
0.014585
0.012297
0.0095812
0.0081711
0.0091973
0.008898
0.0074318
0.0093028
0.0091094
0.0095607
0.011371
0.007537
0.0073983
0.011802
0.012613
0.0093877
0.0092424
0.0082217
0.0092595
0.0083805
0.0077285
0.0071529
0.0081052
0.011151
0.008429
0.0067176
0.0055484
0.0054584
0.0051785
0.0070996
0.0089704
0.010424
0.013235
0.017827
0.011109
0.0098865
0.011811
0.0091822
0.0089777
0.0090362
0.007866
0.0096809
0.0078149
0.007573
0.0090038
0.0086521
0.012434
0.011241
0.010634
0.012231
0.0098664
0.0072522
0.006969
0.0089913
0.0085351
0.0069168
0.0084451
0.010366
0.0081804
0.0084344
0.0081948
0.0089984
0.010987
0.0097069
0.0088392
0.0091459
0.0094769
0.0068624
0.0066645
0.0078114
0.0076423
0.0099069
0.0082722
0.0065051
0.0066879
0.0050824
0.0056816
0.0077031
0.010696
0.011065
0.0095958
0.0093926
0.012188
0.0091713
0.010957
0.0082423
0.0070003
0.0082295
0.0092268
0.0093248
0.0098579
0.0084127
0.0086944
0.010905
0.011649
0.010734
0.0094174
0.010602
0.010079
0.0076327
0.0062863
0.010378
0.010255
0.0078869
0.0078097
0.010334
0.0085723
0.0097369
0.0080341
0.0075086
0.0072515
0.010072
0.0088262
0.0094585
0.0070459
0.0076817
0.0099039
0.0096223
0.0097838
0.0083807
0.0080399
0.0079097
0.0073907
0.0083748
0.0082405
0.011206
0.012451
0.0096262
0.010853
0.010427
0.0088914
0.0082384
0.0074907
0.0079083
0.0097799
0.010904
0.010834
0.0098102
0.0081298
0.0080645
0.0077703
0.0080277
0.0081782
0.0094543
0.0089302
0.0090846
0.0077655
0.0073588
0.0079305
0.010947
0.0099416
0.0098985
0.0099359
0.0090365
0.0090179
0.0084539
0.0082511
0.0093231
0.0079913
0.0098697
0.0086006
0.010983
0.00895
0.010795
0.0096903
0.0080232
0.0075213
0.0086959
0.0081261
0.0099318
0.0085693
0.011137
0.008517
0.011843
0.013771
0.010313
0.01028
0.010305
0.011644
0.0080422
0.0092643
0.0087226
0.0094111
0.010757
0.01204
0.014271
0.011771
0.0097909
0.0096824
0.0088146
0.0081035
0.0088147
0.0081733
0.0090015
0.0092046
0.0073005
0.0058138
0.011687
0.0092787
0.0096452
0.011217
0.011054
0.0083355
0.0084944
0.0080793
0.010134
0.0073744
0.008503
0.0092394
0.012161
0.010164
0.010347
0.0090643
0.0086235
0.0089528
0.0099183
0.0086513
0.0089774
0.012583
0.014057
0.014355
0.014499
0.014421
0.010119
0.0092811
0.010632
0.011426
0.012385
0.010444
0.0086286
0.011065
0.011799
0.01299
0.01694
0.015119
0.011832
0.011017
0.006692
0.010329
0.012101
0.0082247
0.010785
0.011039
0.0094966
0.0082268
0.0098706
0.010911
0.010614
0.0084808
0.0067223
0.008448
0.0087663
0.0080814
0.0071194
0.0073048
0.0066914
0.0087893
0.0093575
0.0092262
0.0081192
0.0064188
0.0076588
0.008746
0.0073525
0.008824
0.0099077
0.012457
0.01545
0.01262
0.01551
0.011413
0.0091941
0.010071
0.0091373
0.010361
0.011349
0.010623
0.010823
0.017947
0.019018
0.018515
0.016608
0.012824
0.0097944
0.0086693
0.0068265
0.0081383
0.008555
0.0086384
0.010866
0.012955
0.0099831
0.010981
0.0082942
0.01023
0.011213
0.010268
0.0079353
0.0083861
0.0086699
0.0088586
0.0075479
0.0078412
0.0067113
0.0079264
0.010916
0.0085217
0.0093499
0.0092089
0.0085695
0.0070533
0.0070185
0.0088909
0.0097385
0.012162
0.01248
0.01362
0.012273
0.011137
0.014047
0.0098071
0.0099141
0.0091206
0.0092665
0.0093229
0.013378
0.018099
0.019715
0.017078
0.021115
0.014696
0.010159
0.0085924
0.0082811
0.0080455
0.0098757
0.0088445
0.010908
0.012336
0.012387
0.0096765
0.010814
0.011242
0.011906
0.011343
0.011815
0.010092
0.010911
0.0098477
0.0079111
0.0076302
0.0074805
0.011288
0.013372
0.0091985
0.0093809
0.0080489
0.0064242
0.0073181
0.0082519
0.0066878
0.0088458
0.010496
0.013182
0.012453
0.012815
0.013122
0.011997
0.010139
0.006904
0.007548
0.0075421
0.0071159
0.0080303
0.011987
0.016074
0.017711
0.016371
0.016159
0.014057
0.010249
0.0077273
0.01117
0.011092
0.0096941
0.011808
0.013173
0.011031
0.010202
0.0089478
0.0096465
0.011618
0.010798
0.013807
0.011434
0.011513
0.01294
0.010326
0.0092075
0.012111
0.011121
0.0093235
0.0091384
0.0072272
0.0069234
0.006985
0.0056598
0.0067766
0.0070977
0.0072243
0.012622
0.011444
0.010776
0.012288
0.0088003
0.011361
0.010218
0.0093086
0.0097223
0.0089833
0.0087153
0.0084689
0.0092437
0.013675
0.016108
0.017386
0.016751
0.015322
0.011473
0.014808
0.012232
0.015244
0.014
0.010321
0.010598
0.010968
0.0095208
0.0089972
0.0083468
0.010625
0.014597
0.018676
0.014589
0.011541
0.013816
0.0136
0.015125
0.014466
0.012902
0.014045
0.01063
0.0078142
0.0097776
0.011272
0.0070015
0.00829
0.009744
0.008784
0.011431
0.010856
0.008652
0.010157
0.0089104
0.010417
0.012307
0.011878
0.013667
0.015215
0.011395
0.010288
0.0093189
0.014658
0.018405
0.013036
0.015121
0.014575
0.015623
0.013564
0.017031
0.014595
0.013178
0.012205
0.012824
0.013092
0.013248
