0.00030668
0.00034999
0.00052919
0.00042685
0.00053206
0.00059521
0.00071913
0.00066012
0.00049105
0.00035572
0.0003445
0.00031798
0.00028526
0.00026122
0.0003124
0.00034454
0.00038897
0.00038922
0.00029719
0.00025522
0.00022943
0.00024578
0.00022962
0.00024193
0.00027862
0.00040739
0.00039242
0.00040168
0.00030695
0.0002775
0.00027773
0.00033138
0.00030182
0.0003184
0.00029687
0.00032084
0.00036174
0.00036027
0.0002972
0.0002942
0.0003282
0.00040377
0.00040288
0.00041404
0.00032496
0.00034373
0.00024122
0.00023527
0.00029519
0.00029033
0.00051804
0.00036691
0.00041109
0.00049945
0.0005569
0.00043344
0.00044889
0.00028961
0.00035297
0.00030722
0.00023532
0.00024602
0.00026738
0.0002676
0.00029481
0.00032243
0.00025173
0.00024768
0.00022908
0.00026632
0.00023436
0.00031819
0.00031352
0.00026546
0.00032082
0.00025668
0.0003357
0.00029159
0.00022497
0.00024615
0.00027487
0.00028791
0.00033321
0.00029038
0.00037709
0.00043203
0.00036511
0.00034149
0.00030682
0.000286
0.00035102
0.00030822
0.00024206
0.00023004
0.00025828
0.00018133
0.00027366
0.00027168
0.00030065
0.00036254
0.00044609
0.00045709
0.0004063
0.00036004
0.00030898
0.00025029
0.00020272
0.00022217
0.00019389
0.00024249
0.00030692
0.00030481
0.00028727
0.00027151
0.00026313
0.00024996
0.00028301
0.00035072
0.00027495
0.00032854
0.00029314
0.0002645
0.00023933
0.00026811
0.00025289
0.00028247
0.00022629
0.00020625
0.00033963
0.00041817
0.00037069
0.00036308
0.00037626
0.00030053
0.00025585
0.00036848
0.00040314
0.00035236
0.00032729
0.0002523
0.00031332
0.00024486
0.00027022
0.00020154
0.0002143
0.00019776
0.00028385
0.00028527
0.00031641
0.00033992
0.0003299
0.00025907
0.00034888
0.00026054
0.00020905
0.00024331
0.00021211
0.00028867
0.0003285
0.00033633
0.00028757
0.00028514
0.00024325
0.00032722
0.00034125
0.00030816
0.00039785
0.00033356
0.00027046
0.0002825
0.00031528
0.00029508
0.00033498
0.00029883
0.00025058
0.00026786
0.00024531
0.00032753
0.00039949
0.00037828
0.00027037
0.00029669
0.00031899
0.00045864
0.00051844
0.00038558
0.00029451
0.00037064
0.00036283
0.00028158
0.00025392
0.00022032
0.00027001
0.00024315
0.00028277
0.00031601
0.0002919
0.00033787
0.00029719
0.00027189
0.00027527
0.0002087
0.00018922
0.00022648
0.00026224
0.00045585
0.00038425
0.00035627
0.00032543
0.0003506
0.0003972
0.00036104
0.00033491
0.00039567
0.00063027
0.0003624
0.00023842
0.00023739
0.00026647
0.00025626
0.00027451
0.00026079
0.0003029
0.00034379
0.00023981
0.00030326
0.00037636
0.00041909
0.00033857
0.00030968
0.00034362
0.00046624
0.00053245
0.00039381
0.0003042
0.0003441
0.00030888
0.00029014
0.00033872
0.00035193
0.00029368
0.00030702
0.00034776
0.00030452
0.00033967
0.00031066
0.00038385
0.00028034
0.00026084
0.00018814
0.00021036
0.00022622
0.00028544
0.00042502
0.0004236
0.00048239
0.0004183
0.00042216
0.00049555
0.00058762
0.00045749
0.00056509
0.00045824
0.00039211
0.00029854
0.00026299
0.00025778
0.00031496
0.00029484
0.00031156
0.00034919
0.00038194
0.00027317
0.00036416
0.00037179
0.00043196
0.0003363
0.00036564
0.00035316
0.00031143
0.00036626
0.00029693
0.00035036
0.00020587
0.00028581
0.00033157
0.00043923
0.00038832
0.00030113
0.0003461
0.00032164
0.00029853
0.00040119
0.00030314
0.00038589
0.00030423
0.00028591
0.00022734
0.00018486
0.00024934
0.00026251
0.00035215
0.00050565
0.00041932
0.00044743
0.00045816
0.00058079
0.000531
0.00040672
0.00044439
0.00042325
0.0004148
0.00041988
0.00027433
0.00025238
0.00027083
0.00031438
0.00031341
0.00042643
0.00041822
0.0003126
0.00049616
0.00034973
0.0003942
0.00036246
0.00028725
0.00026577
0.00020236
0.00028293
0.00027116
0.00029654
0.00018044
0.00025894
0.00026875
0.00038594
0.00044597
0.00042778
0.00037544
0.0004105
0.0004024
0.00041231
0.00043805
0.00046851
0.00030445
0.00033
0.00024403
0.00025916
0.00032519
0.00032184
0.00035414
0.00046943
0.0004825
0.0003654
0.00052391
0.00048125
0.00043506
0.00041046
0.00039017
0.00041762
0.00045703
0.00042759
0.00037405
0.00033053
0.0003941
0.00038676
0.00040627
0.00050387
0.00046927
0.00052052
0.00052085
0.00049417
0.00056498
0.000399
0.00032415
0.00026367
0.0002197
0.00025509
0.00023328
0.00024686
0.00020544
0.0002386
0.00035394
0.00032923
0.00041078
0.00033967
0.00039946
0.00034646
0.00038698
0.00071753
0.00055251
0.00037519
0.00031965
0.000284
0.00024587
0.00027084
0.00024849
0.00026503
0.0003619
0.00038113
0.00032928
0.00041998
0.00048147
0.00039136
0.00042426
0.0004092
0.00027854
0.00036414
0.00034641
0.00034552
0.00032072
0.00038139
0.00038
0.00034036
0.00041643
0.00052543
0.00046969
0.00047538
0.00047754
0.00046381
0.00045706
0.0004042
0.0003247
0.00035323
0.00027575
0.00021677
0.00023046
0.0002048
0.00023966
0.00023931
0.00028853
0.00031026
0.00035032
0.00030708
0.00033557
0.00027745
0.00040692
0.00049163
0.00052473
0.00038761
0.000348
0.00028296
0.00027713
0.00029599
0.00028628
0.00027587
0.00024092
0.00030131
0.00031116
0.00035621
0.00041968
0.00040148
0.00036515
0.00028485
0.00026745
0.00034271
0.00028169
0.0003273
0.00025699
0.00034461
0.00040041
0.00045236
0.00054107
0.00055915
0.00052362
0.00046463
0.00052911
0.0004409
0.00034178
0.00041521
0.00043131
0.00039185
0.00030445
0.0003226
0.00025243
0.000221
0.00023178
0.00024868
0.00024122
0.00038349
0.00031607
0.00034423
0.00027269
0.00022309
0.00025789
0.00044525
0.00053887
0.0004214
0.00036815
0.00037549
0.0002359
0.0002478
0.00026506
0.00024483
0.00027721
0.00031055
0.00035738
0.0003508
0.00041494
0.00038648
0.00040927
0.00025776
0.00026343
0.00031166
0.00032711
0.00025755
0.00026444
0.0003103
0.00034301
0.00049677
0.00051717
0.00056538
0.00047815
0.00045135
0.00046318
0.00035884
0.00041181
0.00034452
0.00040839
0.00043634
0.00040539
0.00034717
0.00028092
0.00025677
0.00024034
0.00028815
0.00025603
0.00027027
0.00024876
0.00025813
0.00031401
0.00026491
0.00029726
0.00038764
0.00035293
0.00038246
0.00037092
0.00031785
0.00032463
0.0002979
0.0002984
0.00031115
0.00033109
0.00037084
0.00035975
0.00043901
0.00034997
0.00038357
0.00043586
0.00032491
0.00038965
0.00029947
0.00037947
0.00038202
0.00032967
0.00042898
0.00032811
0.00041297
0.00043157
0.00053598
0.00040148
0.00040058
0.00044742
0.00042809
0.00037874
0.0005325
0.00038499
0.00038749
0.00039894
0.00031058
0.0002687
0.00022747
0.0002315
0.0002705
0.0002633
0.00032561
0.00034627
0.00023761
0.0002163
0.00024988
0.0003685
0.00039686
0.00038217
0.00035449
0.00034058
0.00035241
0.00032125
0.00029875
0.00032435
0.00036106
0.00028565
0.00029878
0.00037265
0.00043105
0.00034408
0.00031283
0.00034927
0.000377
0.00039441
0.00034374
0.00036805
0.00043308
0.00038793
0.00036988
0.00036147
0.0003714
0.0004796
0.00055487
0.00049223
0.00037186
0.00042492
0.00041579
0.00039458
0.00043893
0.00040952
0.00034464
0.00037666
0.00029923
0.00025564
0.00020451
0.00024822
0.00029311
0.00027382
0.00023934
0.00026015
0.00031242
0.00029368
0.00028827
0.00032852
0.00041934
0.00036885
0.00029477
0.00032945
0.000266
0.0003325
0.00029783
0.00031542
0.0004153
0.00025117
0.00029981
0.00029274
0.00029616
0.00028919
0.00034152
0.00030004
0.00038506
0.00050651
0.00046048
0.00042249
0.00045125
0.00034425
0.00038317
0.00040661
0.00051411
0.00055179
0.00072096
0.00056231
0.00045131
0.00050005
0.00043757
0.00044169
0.00052773
0.00038001
0.00039022
0.00034946
0.00028831
0.00029754
0.00026756
0.00033636
0.00030838
0.00025814
0.00025722
0.00030871
0.00040349
0.0002944
0.00032129
0.00036577
0.00033802
0.00034682
0.00027531
0.00024704
0.00021683
0.00027232
0.00028872
0.00035886
0.00040686
0.00033228
0.00031293
0.00033187
0.00026648
0.00028527
0.00029782
0.00037067
0.00045025
0.00039148
0.00045995
0.00060162
0.00051706
0.00028177
0.00038259
0.00053873
0.00061104
0.00067938
0.00084975
0.00069433
0.00049462
0.00055958
0.00053484
0.00044754
0.00039984
0.00046269
0.00045922
0.00030514
0.00025844
0.00023513
0.00021284
0.000214
0.00026807
0.00021167
0.0001924
0.00025759
0.00032569
0.0003288
0.00031892
0.0004026
0.000294
0.00027779
0.00033494
0.00027679
0.0003013
0.00027756
0.00033767
0.00037648
0.00038156
0.00042705
0.00043156
0.00033156
0.00026699
0.0002407
0.00032102
0.00032936
0.00030373
0.00027908
0.0004298
0.00040784
0.00038322
0.000341
0.00034255
0.00042628
0.00049185
0.00053599
0.00096574
0.00070021
0.00064927
0.00054066
0.00046548
0.00058608
0.00053478
0.00052309
0.00038787
0.00022708
0.00020722
0.00018116
0.00018472
0.00023565
0.00027834
0.00026057
0.00025395
0.00030817
0.00041839
0.00026275
0.00026752
0.00024211
0.00027466
0.00038611
0.00033711
0.00027295
0.00031318
0.00029011
0.00040942
0.00042156
0.00041964
0.00039087
0.00034458
0.00030553
0.00025434
0.00024977
0.00028425
0.000334
0.00029829
0.00025291
0.00031813
0.00029906
0.00028948
0.0003628
0.00040543
0.00040324
0.00044434
0.00060363
0.00084589
0.00055136
0.0006892
0.00049991
0.0003843
0.00053483
0.00065949
0.00035502
0.00031244
0.00018563
0.00020146
0.00017726
0.0001815
0.00017244
0.00019024
0.00026657
0.00026652
0.00029751
0.00027765
0.00019772
0.00023831
0.0002446
0.00021752
0.00033577
0.00034051
0.00030121
0.00037403
0.00030524
0.00042441
0.00042909
0.00041484
0.00036482
0.00036724
0.00040917
0.00026271
0.00028156
0.00032156
0.00027898
0.00024877
0.00024331
0.0002107
0.00021708
0.00029926
0.00028226
0.00027222
0.00029114
0.00041855
0.00053903
0.00056376
0.00070692
0.0006668
0.00044761
0.0003937
0.00047001
0.00044037
0.00035618
0.00024757
0.00020421
0.00030258
0.00020608
0.00021335
0.00019855
0.00021928
0.00024902
0.00025868
0.00027514
0.00022752
0.00024965
0.0002829
0.0002375
0.00029725
0.00029507
0.00034218
0.00031518
0.00032404
0.00032882
0.00036574
0.00032678
0.00039398
0.00036212
0.00030679
0.00035486
0.00032449
0.00025255
0.00030683
0.00026974
0.00023087
0.00018304
0.00017587
0.00019488
0.000234
0.00027814
0.00031724
0.00027372
0.00034967
0.00055586
0.00059679
0.00056304
0.00053839
0.00042209
0.00040724
0.00048807
0.00042505
0.00037669
0.00029309
0.00022276
0.00018062
0.00021841
0.00025501
0.00029624
0.0002739
0.00024556
0.00026939
0.00025333
0.00021108
0.00023616
0.00020238
0.00023194
0.00028582
0.00029494
0.00039289
0.0003253
0.00030648
0.00030338
0.00044646
0.00029353
0.0002984
0.00028623
0.00031092
0.00031997
0.00036547
0.00033568
0.00029986
0.0002826
0.00022668
0.00019664
0.00019377
0.00018465
0.0002288
0.00026143
0.00028106
0.00037352
0.0003491
0.00050038
0.0005635
0.00064137
0.00069948
0.00052473
0.00039437
0.00042191
0.00040225
0.00034758
0.00029856
0.00023555
0.00021903
0.0002048
0.00025436
0.00027017
0.00029964
0.0003499
0.00030655
0.00028353
0.00023727
0.0002718
0.00023735
0.00029737
0.0003436
0.00032367
0.00037927
0.00032756
0.00028365
0.00034435
0.0003679
0.00033316
0.00032857
0.00035434
0.00031071
0.00034583
0.00034705
0.00031522
0.00027941
0.00021937
0.00021748
0.00019014
0.00017506
0.00022773
0.00026333
0.0002728
0.00028883
0.00026318
0.00034204
0.00036758
0.00039544
0.00044351
0.00039974
0.00039878
0.00035378
0.00036752
0.00028861
0.0002858
0.00024856
0.00017698
0.00016465
0.00018629
0.00029945
0.00030897
0.00033109
0.000359
0.000374
0.0003585
0.00029182
0.00028607
0.00027198
0.00043482
0.00041788
0.00041881
0.00026072
0.00035542
0.0002937
0.00036358
0.00028388
0.00032185
0.00035354
0.00035583
0.00030614
0.00029543
0.00030046
0.00026439
0.00027466
0.00021022
0.00017634
0.00014555
0.00018886
0.00025064
0.00027441
0.00028406
0.00026159
0.00030693
0.00032274
0.00026482
0.00035208
0.00036797
0.00029064
0.00034612
0.0003763
0.00035951
0.00025382
0.00029108
0.00030004
0.00030616
0.00019951
0.00024314
0.00030527
0.00038203
0.00030613
0.00044589
0.00042543
0.00034674
0.00035925
0.00038893
0.00038228
0.00046861
0.00056284
0.00048978
0.00037893
0.00039811
0.00039032
0.00041485
0.00033837
0.00029136
0.0003631
0.00031949
0.00027135
0.00032428
0.00026245
0.00029604
0.00028146
0.00021059
0.00013574
0.00013403
0.00018367
0.00022108
0.00024142
0.00023087
0.00031807
0.00035303
0.0003346
0.00036294
0.00045584
0.00041396
0.00042675
0.00028127
0.0003278
0.00025646
0.00024503
0.00025179
0.00029754
0.0002998
0.0002979
0.00029222
0.00028953
0.00032003
0.00027138
0.00034059
0.00037691
0.00035203
0.00042096
0.00037043
0.00035543
0.00056536
0.00072022
0.00054015
0.00037338
0.00037315
0.00030105
0.00032239
0.00024771
0.0002381
0.00028857
0.00036582
0.00033644
0.00029479
0.00025201
0.00031516
0.00027462
0.00022216
0.0001268
0.00014328
0.00016371
0.0001885
0.00023782
0.00022696
0.00019789
0.00025752
0.00028331
0.00040209
0.00040303
0.00052143
0.00048762
0.00031476
0.00031294
0.0002793
0.00027535
0.00028748
0.00029674
0.00027397
0.00027786
0.00029279
0.00029892
0.00030929
0.00040196
0.00034212
0.00029896
0.00032652
0.00047666
0.00066975
0.00068401
0.00057462
0.00077049
0.00071373
0.0005474
0.00038472
0.00040213
0.00028549
0.00025218
0.00025958
0.00032178
0.00031891
0.00042269
0.00030248
0.00022585
0.00020556
0.00027704
0.00024526
0.00016689
0.00015698
0.00021945
0.00028877
0.00026841
0.00030733
0.00023658
0.00026495
0.00028363
0.00029738
0.000311
0.00040563
0.00040393
0.00038226
0.00028362
0.00025581
0.00028091
0.00031848
0.00024778
0.00026968
0.0003229
0.00032282
0.00035744
0.00050633
0.00047159
0.00044227
0.00036675
0.00037146
0.00051357
0.00063615
0.0005808
0.00062179
0.0004959
0.00053561
0.00064628
0.00047171
0.00038212
0.00034292
0.00038061
0.00038328
0.00028097
0.00026044
0.00029455
0.00023217
0.00013762
0.00019861
0.0002314
0.00024541
0.00022434
0.00025288
0.00034715
0.00036607
0.00036245
0.00037011
0.00025218
0.00028895
0.00026266
0.00030501
0.00033545
0.00032973
0.00032187
0.00038432
0.000376
0.00024044
0.00032503
0.00029956
0.00030694
0.00034382
0.00030598
0.00048366
0.00055755
0.00064863
0.00056677
0.00044385
0.00041929
0.00033238
0.00044348
0.00056052
0.00066288
0.00043864
0.00048701
0.00054969
0.00041472
0.00036132
0.0002988
0.00039011
0.00040932
0.0004413
0.00039038
0.00029123
0.00033436
0.00022614
0.00020058
0.00023725
0.00022321
0.00020473
0.00022306
0.00025049
0.00040834
0.00046812
0.00040891
0.00037291
0.00030421
0.00030159
0.00032105
0.00029094
0.00030181
0.00041189
0.00035664
0.00042367
0.00041931
0.00040342
0.000352
0.00034444
0.0003477
0.00034404
0.00033004
0.00059264
0.00083554
0.00073541
0.00056986
0.00049623
0.00041289
0.00036833
0.00049991
0.00041079
0.00044781
0.00040204
0.00034559
0.0004079
0.00042835
0.00032123
0.00039004
0.00044452
0.00039315
0.00047312
0.0003781
0.00046411
0.00033444
0.00026779
0.00025867
0.00023036
0.00025606
0.00024529
0.00031498
0.00047892
0.00044234
0.0003368
0.00038108
0.0004739
0.00035125
0.00034719
0.00024315
0.00033145
0.00032231
0.00031654
0.00035234
0.00043508
0.00038469
0.00038045
0.00042677
0.00028592
0.00035006
0.00036845
0.00048124
0.0005627
0.00061087
0.00051625
0.00047937
0.00039532
0.00045461
0.00042443
0.00039719
0.00034792
0.00036954
0.0003144
0.00027166
0.00032907
0.00032002
0.00039665
0.0003368
0.00035132
0.00030743
0.00031951
0.00039504
0.00035409
0.0002744
0.00025585
0.00023795
0.00024011
0.00018947
0.0002451
0.00041297
0.00041747
0.0005299
0.00038761
0.00041528
0.00041283
0.00036077
0.00036655
0.00040092
0.0003804
0.00046905
0.0002701
0.00029919
0.00039015
0.00042416
0.00035419
0.00041321
0.00051182
0.00055851
0.00051404
0.00044914
0.00052056
0.00045328
0.00044372
0.00055971
0.00045392
0.00051826
0.00048566
0.00034287
0.00031694
0.00026944
0.00029722
0.00030789
0.00028371
0.00026887
0.00032352
0.00031584
0.00033102
0.00034796
0.00033501
0.00035968
0.00028161
0.00025199
0.00026913
0.00024056
0.00030413
0.00024762
0.00026257
0.00041488
0.00059274
0.00055694
0.00049459
0.00043858
0.00046597
0.00041286
0.00033777
0.00028296
0.00029812
0.00035678
0.00038414
0.00042267
0.00043816
0.00042652
0.00039929
0.00036452
0.0003997
0.00060961
0.00066333
0.0005632
0.00050155
0.00037722
0.00039766
0.00040253
0.00036607
0.00035465
0.00047201
0.00028188
0.00023913
0.0002438
0.00023928
0.00026383
0.00035759
0.00032983
0.00030769
0.00026272
0.00039493
0.00036791
0.0003595
0.00040618
0.00033111
0.00028595
0.00027266
0.0004102
0.00035264
0.0002836
0.00036254
0.00039002
0.00049547
0.00061037
0.00055232
0.00045148
0.00034298
0.00044696
0.00031594
0.00023543
0.00025445
0.00035533
0.00032245
0.0004044
0.00033797
0.00035228
0.00027504
0.00028482
0.00035772
0.00039212
0.00050276
0.00043367
0.00038106
0.00029292
0.00033972
0.00036866
0.00035043
0.00030833
0.00034798
0.00021579
0.00020438
0.0002098
0.00021549
0.00026809
0.00030877
0.00034956
0.00032186
0.00032635
0.00033148
0.0003787
0.00045996
0.00042866
0.00030785
0.00028234
0.0002949
0.00029819
0.00038829
0.00033381
0.00040925
0.00045533
0.000445
0.00034083
0.00034184
0.00033071
0.00038695
0.00031802
0.00030301
0.00025396
0.00018984
0.0002423
0.00029956
0.00027844
0.00027504
0.00026794
0.00028881
0.00027789
0.00028328
0.00034518
0.00047479
0.0003716
0.00034519
0.00026163
0.00035117
0.00035573
0.00043449
0.00028837
0.00037694
0.00017464
0.00016808
0.00022117
0.00022547
0.00024751
0.00030644
0.00026027
0.00031232
0.00034977
0.00035655
0.00035091
0.00038
0.00046318
0.000441
0.00038717
0.00035627
0.00031403
0.00030699
0.00029622
0.00044557
0.00044779
0.00034548
0.00034578
0.00027509
0.00036603
0.00033155
0.00031434
0.00033597
0.00030357
0.00029884
0.00024518
0.00032104
0.00030448
0.0002903
0.0003767
0.00032195
0.00031852
0.00033045
0.00043873
0.00046031
0.00042556
0.00033026
0.00033697
0.00030018
0.00034216
0.00041923
0.00044364
0.00033457
0.00018318
0.00017422
0.00023414
0.00020038
0.00025773
0.00025868
0.00026288
0.00029263
0.00036023
0.00035259
0.00027884
0.00042572
0.00061803
0.00051288
0.00039051
0.00041926
0.00037785
0.00037145
0.00028162
0.0004006
0.00046943
0.00036804
0.00034267
0.00024174
0.00028395
0.00029063
0.00030201
0.000297
0.00038149
0.00034862
0.0003776
0.0003092
0.00027893
0.00029755
0.00036014
0.00033966
0.00028545
0.00029299
0.00031474
0.00031918
0.00026957
0.00036954
0.00036977
0.00031764
0.0003832
0.00046153
0.00048105
0.00033885
0.00018705
0.00015809
0.00023387
0.00024816
0.00024777
0.00025133
0.00022209
0.00028021
0.00031997
0.00031031
0.00039472
0.00046747
0.00064969
0.00069914
0.00050488
0.00055244
0.00044927
0.00042796
0.00035075
0.00042292
0.00040199
0.00038748
0.00038753
0.00030721
0.00028257
0.00032679
0.00035224
0.00031543
0.00036609
0.000332
0.00034266
0.00026814
0.00029994
0.00026285
0.00027261
0.00035165
0.00029451
0.00031132
0.00030913
0.00032872
0.00035916
0.00035215
0.00038284
0.00038449
0.00049473
0.00045315
0.00046583
0.00039347
0.00023869
0.0002082
0.00021439
0.00020856
0.0002012
0.00024138
0.00023466
0.00025524
0.00031684
0.00040206
0.00042517
0.0005058
0.00069993
0.00058686
0.00052939
0.0005573
0.00051787
0.00049901
0.00046567
0.00041211
0.00043593
0.00033697
0.00028232
0.00032148
0.00033442
0.00032074
0.00039643
0.00040845
0.00036154
0.00044153
0.00033188
0.00028575
0.00030146
0.00032358
0.00034035
0.00037196
0.00033148
0.00032899
0.00032273
0.00033428
0.00033398
0.0003426
0.000459
0.00039877
0.00041108
0.00036667
0.00037494
0.00030698
0.00027856
0.0002747
0.00021778
0.00020985
0.00024031
0.00022461
0.0002336
0.00024498
0.00022283
0.00035767
0.00051352
0.00037492
0.00048644
0.0005527
0.00042343
0.00045298
0.00047773
0.0005415
0.00037221
0.000515
0.00042258
0.0003399
0.00033134
0.00040984
0.00035126
0.00033678
0.00033395
0.00048717
0.00034209
0.00031737
0.00034679
0.00030174
0.00037631
0.00034054
0.00030811
0.00030059
0.00036161
0.00036919
0.00038922
0.00035416
0.00035895
0.0003406
0.00041627
0.0003595
0.00033231
0.00033848
0.0003516
0.00036213
0.0002495
0.0002869
0.00025477
0.00029218
0.00025801
0.00025992
0.00027771
0.00028984
0.00032198
0.00045591
0.00043571
0.00042787
0.00039806
0.00043742
0.00042287
0.00037766
0.00045834
0.00045191
0.0004002
0.00048076
0.00034095
0.00027843
0.00038327
0.00038503
0.00041587
0.00033886
0.00034399
0.00036106
0.00028463
0.00040213
0.00032877
0.00032707
0.00025799
0.00028125
0.00030665
0.00036518
0.00032328
0.00037361
0.00038105
0.00029181
0.00040949
0.00032406
0.00032471
0.00033899
0.00030958
0.0003127
0.00029289
0.00030019
0.00023869
0.00023855
0.00027481
0.00030953
0.00029926
0.0002973
0.00039349
0.00048786
0.00051088
0.00063988
0.00052822
0.0005211
0.00042826
0.00034736
0.00031821
0.00032376
0.00023653
0.00027132
0.00024535
0.00026366
0.00026427
0.00027849
0.00040051
0.00041992
0.00030906
0.00037212
0.00032748
0.00033144
0.000372
0.00032252
0.00027196
0.00026819
0.00017937
0.0002113
0.00029397
0.00028683
0.00033656
0.00036844
0.00036876
0.00034221
0.00048252
0.00044501
0.00030295
0.00040817
0.00022708
0.00026656
0.0003169
0.00031905
0.0003204
0.00026176
0.00035007
0.00038692
0.00032758
0.00028247
0.00037933
0.00056616
0.00067684
0.00090775
0.00077203
0.000559
0.00041651
0.00035987
0.00033547
0.00023244
0.00020912
0.00026386
0.00022795
0.00022503
0.00029721
0.00031282
0.00039403
0.00038543
0.00029527
0.00033727
0.0002995
0.00036192
0.00029971
0.00026344
0.00021879
0.00013615
0.00017276
0.00015301
0.00020768
0.00029036
0.00037446
0.00037385
0.0003959
0.00038189
0.00056547
0.00046336
0.00046073
0.00042532
0.00035385
0.00028539
0.00028358
0.00036358
0.00032243
0.00030081
0.00028836
0.00024671
0.00025146
0.00026272
0.000383
0.00046379
0.00061919
0.00077807
0.00071252
0.0006091
0.00046339
0.00030612
0.00030814
0.00029375
0.00032199
0.00023828
0.00022289
0.00023614
0.00027273
0.00027588
0.00031408
0.00034637
0.00037208
0.00037442
0.00035465
0.00039558
0.0003034
0.00021522
0.0002114
0.00018494
0.00016644
0.00014015
0.00018999
0.00027517
0.00030757
0.00031684
0.00035514
0.00051464
0.00048772
0.00036908
0.00038971
0.00040792
0.00038909
0.00031777
0.00030964
0.00028327
0.00031003
0.00034233
0.0003611
0.00030729
0.00031559
0.00037077
0.0004343
0.00068775
0.00061714
0.00063861
0.0005618
0.00048293
0.0004577
0.00049171
0.00038367
0.00027521
0.00030751
0.0003045
0.00026119
0.00024466
0.00031888
0.00030167
0.00036961
0.00037295
0.00043588
0.00046768
0.00039091
0.00041165
0.0004441
0.00034934
0.00025505
0.00018298
0.00021286
0.00016561
0.00020956
0.00024227
0.00027404
0.00027812
0.00034082
0.000429
0.00039117
0.00041173
0.00048387
0.00040834
0.00032992
0.00030604
0.00026347
0.00032911
0.00034405
0.00039566
0.00033089
0.00031735
0.00026313
0.00043291
0.00055378
0.00059266
0.00061246
0.0006779
0.00064499
0.00046118
0.00040546
0.00049486
0.000415
0.0003547
0.00035095
0.0003958
0.00034147
0.00032068
0.00035608
0.00033533
0.00036925
0.00046829
0.00040912
0.00047111
0.00054281
0.00047874
0.00041598
0.00036344
0.00034046
0.00029885
0.00030103
0.00023365
0.000189
0.00024161
0.00024539
0.00033229
0.00034188
0.00037746
0.00038082
0.00036714
0.0003909
0.00036985
0.00034212
0.00028543
0.00028288
0.00029828
0.00036441
0.00038295
0.00049345
0.00037783
0.00036327
0.00047843
0.00045843
0.00066187
0.00057016
0.00048972
0.00051229
0.00048305
0.00040178
0.00036797
0.00037938
0.00035254
0.0003515
0.00028307
0.00028522
0.00030728
0.0003007
0.00038209
0.00043259
0.00043114
0.00036758
0.00041546
0.00041457
0.00037513
0.00034405
0.00037117
0.00045727
0.00036461
0.00026689
0.00029445
0.00025067
0.00024352
0.0002405
0.00037321
0.0003615
0.0003431
0.00026626
0.00033813
0.00032356
0.0003913
0.0003714
0.00028451
0.00021849
0.000271
0.00035183
0.00041331
0.00043184
0.00043325
0.00038452
0.00030349
0.00044059
0.00040455
0.00035978
0.000322
0.00036513
0.00049181
0.00034759
0.00036567
0.00031706
0.00027085
0.00029055
0.00030048
0.00032823
0.00027939
0.00032022
0.00029137
0.00036454
0.00043529
0.00036064
0.00042405
0.00035279
0.00044685
0.00046537
0.00040185
0.0005079
0.00045958
0.00039263
0.00041144
0.000298
0.00028754
0.00024964
0.00031144
0.0003735
0.00038696
0.00049487
0.00041331
0.00033105
0.00035463
0.00029242
0.00018613
0.0001613
0.00017509
0.00048327
0.00053763
0.00041866
0.00038591
0.00038858
0.0003553
0.00050224
0.00038682
0.00031447
0.00030347
0.00040623
0.00032607
0.00028861
0.00042252
0.0004077
0.00036481
0.00034503
0.00038511
0.00036542
0.00031195
0.00041795
0.00029003
0.00040921
0.00039337
0.00036284
0.00045524
0.00045611
0.00044693
0.00040247
0.00045167
0.00057158
0.00051409
0.00064183
0.00057537
0.00042565
0.00031742
0.00035114
0.00040786
0.00040422
0.00038793
0.00056306
0.00048815
0.00049839
0.00038789
0.00025944
0.00018616
0.00014205
0.00017795
0.00042197
0.00040266
0.00040362
0.00038092
0.00032476
0.0003461
0.00044311
0.0003833
0.00023778
0.00029167
0.00038571
0.00027835
0.00034491
0.00039794
0.00045777
0.00047871
0.00042309
0.00042457
0.00032412
0.00033769
0.00038406
0.00036397
0.00037408
0.00041284
0.0005254
0.00048679
0.00047538
0.00043107
0.00033745
0.00040594
0.00051029
0.00062039
0.00056524
0.00045749
0.00040067
0.00046947
0.00037202
0.00033843
0.00036601
0.00040507
0.00038371
0.0004411
0.00039162
0.00032845
0.00024661
0.00022894
0.00022141
0.00019995
0.00044465
0.00036531
0.00035312
0.0003248
0.00034137
0.00027315
0.00030411
0.00025042
0.00021662
0.00027353
0.00030465
0.00039214
0.00043387
0.00043372
0.0004195
0.00043764
0.00046885
0.00044146
0.00040854
0.00035808
0.00032746
0.00026573
0.00035299
0.00037282
0.00038355
0.00043246
0.00058377
0.00045597
0.00033109
0.00042524
0.00043046
0.000589
0.00051655
0.00046647
0.00032442
0.00034918
0.00032879
0.00032076
0.00040638
0.00042861
0.0005463
0.0004725
0.00042186
0.00035388
0.00027255
0.00022976
0.00018331
0.00022774
0.0003103
0.00043705
0.00039008
0.00035782
0.00030193
0.00032682
0.0002851
0.00028412
0.00031001
0.00035103
0.00029519
0.000371
0.00037203
0.00033336
0.00032959
0.0004035
0.00041321
0.00038771
0.00039947
0.0003882
0.00027472
0.00021247
0.00020828
0.00028623
0.00042638
0.00039998
0.00040441
0.00041913
0.00036986
0.00043807
0.00036172
0.00045935
0.00037398
0.00051144
0.00032268
0.00025263
0.00029537
0.0003236
0.00033391
0.00037078
0.00045142
0.00035205
0.00036176
0.0003441
0.00025529
0.00025872
0.00018215
0.00022254
0.00031865
0.00041255
0.00038446
0.00036746
0.00031148
0.0003559
0.00035931
0.00039143
0.00035757
0.00026575
0.00028781
0.0003382
0.00025834
0.00031925
0.00033681
0.00029196
0.00035974
0.00041069
0.00035845
0.00030236
0.00025084
0.00020916
0.00018603
0.00024581
0.00028301
0.00036839
0.00038195
0.00034473
0.00043474
0.00034094
0.00031437
0.00039422
0.00038951
0.0004157
0.00032173
0.00039182
0.00037912
0.00032797
0.00030197
0.00041676
0.0004918
0.00039384
0.00030165
0.00025529
0.0002108
0.00020238
0.00019353
0.00022056
0.00040611
0.00055976
0.00047378
0.00043691
0.00030757
0.00036013
0.00030902
0.00030005
0.00041273
0.00033777
0.00031184
0.00033998
0.00041307
0.0004231
0.00048151
0.00041365
0.00041873
0.00033645
0.00035684
0.00031532
0.00020825
0.00019725
0.00020111
0.00025321
0.00028674
0.00035089
0.00036516
0.00036595
0.00049856
0.00047985
0.00047688
0.00043652
0.00042752
0.00046817
0.00047692
0.0003334
0.00033841
0.00048521
0.00035573
0.00043074
0.00057912
0.0004586
0.00043206
0.0002822
0.0002259
0.00021517
0.00019458
0.00022063
0.0005393
0.00053533
0.00044072
0.00043656
0.00040479
0.00030677
0.00033235
0.00033276
0.00036819
0.00032149
0.00037749
0.00032482
0.00046289
0.00042651
0.00054375
0.00052831
0.00036123
0.00042682
0.00032921
0.00026693
0.00021229
0.00019914
0.00019649
0.00030813
0.00026225
0.00025741
0.00030476
0.0003329
0.00050788
0.00037805
0.00042287
0.00047712
0.00050548
0.00049417
0.00051997
0.00047118
0.00038303
0.00052866
0.00052371
0.00057558
0.00047106
0.0005915
0.00042508
0.000299
0.00023531
0.00020764
0.00019835
0.00024452
0.00054534
0.00056703
0.0006045
0.00043252
0.0004239
0.00032368
0.0003317
0.00028035
0.00028244
0.00033387
0.00038394
0.00047408
0.00050253
0.00056728
0.0005775
0.0006024
0.00052135
0.00046485
0.00042168
0.00036997
0.00028613
0.00022488
0.00026542
0.00032654
0.00029339
0.00025995
0.00025382
0.00033498
0.00043164
0.0004473
0.00040275
0.00046948
0.000419
0.00048588
0.00053918
0.00052872
0.00044728
0.00043844
0.00056412
0.00049016
0.00053156
0.00049992
0.00044884
0.00039226
0.00026503
0.00025456
0.00015282
0.00027624
0.00050198
0.00045765
0.0005554
0.00040737
0.00030375
0.00033292
0.00033402
0.0003122
0.00026657
0.0003265
0.00036572
0.00055397
0.00059002
0.000559
0.00059548
0.00063879
0.00049835
0.00043917
0.00044684
0.00047601
0.00038464
0.00028759
0.00038295
0.00045645
0.00032737
0.0002618
0.0002237
0.00029811
0.00039829
0.00046436
0.00042804
0.0004201
0.00034837
0.00039417
0.0003576
0.00034952
0.00039919
0.00030083
0.00049642
0.0005129
0.00051594
0.00053405
0.00042545
0.00044424
0.0003406
0.0002389
0.00021829
0.00029867
0.00047658
0.0005405
0.00058802
0.00041293
0.00039859
0.00046673
0.00041777
0.00028826
0.00033361
0.00030723
0.00041152
0.00046137
0.00059784
0.00053417
0.00054111
0.00042144
0.00040485
0.00039251
0.00041724
0.00053352
0.00043006
0.00042456
0.00036089
0.00027959
0.00019983
0.00028668
0.00024195
0.00032843
0.00036891
0.00035782
0.00046972
0.00047476
0.00046688
0.00053043
0.00037762
0.00037168
0.00031023
0.00033081
0.00038495
0.00032789
0.00037393
0.00034748
0.00029406
0.0003119
0.00033986
0.00029179
0.00031419
0.00027846
0.00042721
0.00041634
0.00039702
0.00032633
0.00036604
0.00048982
0.00043341
0.0004196
0.00028723
0.00030527
0.00035271
0.00038579
0.00037821
0.00043629
0.00046734
0.00035869
0.00041905
0.00038032
0.00039523
0.00041455
0.00032308
0.00039671
0.00042768
0.00032886
0.00024057
0.00030312
0.00029508
0.00033296
0.00034455
0.00038511
0.00044749
0.00043907
0.00044426
0.00037153
0.00033957
0.00026359
0.00025504
0.00029746
0.0003049
0.00034006
0.00033528
0.00035572
0.00033884
0.00028122
0.00027023
0.00033642
0.00033464
0.00028715
0.00034491
0.00033584
0.00033255
0.00032951
0.00041168
0.00040156
0.00036724
0.00041439
0.00037259
0.00044608
0.00036703
0.00038396
0.00038499
0.00032526
0.00037001
0.00032799
0.0002521
0.00030327
0.00032638
0.00037309
0.00043668
0.00040255
0.00036302
0.0003948
0.00029827
0.00026286
0.0002897
0.00033722
0.00034017
0.00038228
0.00044971
0.00045486
0.00050479
0.00030083
0.00028871
0.00026125
0.00025894
0.00031155
0.00038692
0.000332
0.00032991
0.00035299
0.00035989
0.00030685
0.00034932
0.00043845
0.00042954
0.0003165
0.00027964
0.00042987
0.00047501
0.00038564
0.00037906
0.0004384
0.00049953
0.00059626
0.00057694
0.00046035
0.0003805
0.00036866
0.00034167
0.0003098
0.00035837
0.00027351
0.00033179
0.00029644
0.00028977
0.00037782
0.00035827
0.00037318
0.00035591
0.00039837
0.0003139
0.00023144
0.00023144
0.00027303
0.00025366
0.00033241
0.00032933
0.00047757
0.00037441
0.00030989
0.00031289
0.00025076
0.00023346
0.00023959
0.00029729
0.00029308
0.00030304
0.00028587
0.00033668
0.00029229
0.0003799
0.00047752
0.00039951
0.000369
0.00026534
0.00041922
0.00047243
0.00040779
0.00042914
0.00055093
0.00066058
0.00060275
0.00059767
0.00045818
0.00035991
0.00036491
0.00024771
0.00033997
0.00028287
0.0003252
0.00028228
0.00028469
0.00029064
0.00035612
0.00022716
0.00026056
0.00034783
0.00036917
0.00028492
0.00023236
0.00019175
0.00018249
0.00023677
0.00031083
0.00039591
0.00027844
0.00031303
0.00028678
0.00027594
0.00023948
0.00022985
0.00019445
0.0002353
0.00031718
0.00028713
0.00038701
0.0003441
0.00035342
0.00035216
0.00045809
0.00049898
0.00041104
0.00033037
0.00032764
0.00038938
0.00037988
0.00057143
0.00056637
0.00059348
0.00061742
0.00058727
0.00054118
0.00047909
0.00041799
0.000316
0.00034068
0.00030103
0.00021905
0.00026835
0.0002703
0.00022196
0.00021907
0.00022531
0.0002411
0.00030812
0.00026874
0.00034135
0.00021828
0.00019516
0.00018406
0.00024578
0.00022563
0.00028819
0.00025676
0.00022045
0.00024505
0.00035663
0.00033879
0.00030309
0.00025749
0.00021974
0.0001967
0.00032782
0.00028166
0.000376
0.0003103
0.00040217
0.000435
0.00055875
0.00042155
0.00030626
0.00028706
0.00037963
0.00040466
0.00049294
0.00043004
0.00036467
0.00049308
0.00055334
0.0004962
0.00037809
0.00037719
0.00035228
0.0003116
0.00028793
0.00023303
0.00025097
0.00023423
0.00025471
0.00025129
0.00020972
0.000173
0.00025494
0.00021566
0.0002012
0.0002053
0.00017886
0.00020428
0.00025902
0.0002545
0.00024378
0.00032145
0.00020931
0.00022226
0.00024278
0.00030997
0.00022693
0.00019043
0.00022041
0.00025843
0.00027425
0.00021072
0.00030477
0.00032079
0.00054036
0.00049919
0.00043211
0.00049555
0.00023848
0.00025187
0.00027766
0.00041456
0.00044142
0.0003447
0.0003544
0.00034795
0.00039898
0.00042421
0.00035248
0.00032583
0.00035262
0.00028805
0.00028239
0.00028148
0.00030308
0.00021276
0.0002467
0.00019249
0.00026858
0.0001992
0.00026539
0.00025794
0.00029453
0.00028938
0.00027428
0.00029891
0.00030045
0.00035191
0.00030017
0.00028247
0.00023808
0.00025688
0.00025062
0.00025669
0.00016657
0.00020121
0.00017697
0.00017247
0.00019838
0.00019608
0.00031597
0.00039089
0.00050032
0.00042574
0.00051447
0.00051539
0.00023719
0.00030618
0.0003533
0.00040051
0.00043098
0.00037363
0.0003118
0.00031074
0.00030044
0.00032624
0.00027354
0.0003493
0.00038349
0.00038292
0.00025394
0.00022437
0.00020868
0.00018904
0.00019026
0.00024586
0.00023664
0.00023709
0.00031599
0.0003536
0.00036226
0.0003404
0.00043312
0.00040215
0.00042151
0.00040705
0.00029658
0.00031163
0.00023846
0.00023654
0.00027686
0.00026677
0.00022254
0.00022338
0.00019561
0.00018253
0.0002248
0.0002515
0.00026842
0.00031412
0.00032173
0.00045063
0.00041283
0.00041303
0.00027941
0.00025925
0.00036454
0.00040258
0.00041516
0.00045784
0.00032194
0.00031213
0.00042289
0.00036407
0.00031017
0.00032545
0.00027082
0.0003364
0.00031381
0.00023065
0.00019909
0.00019194
0.00020618
0.00020136
0.00019255
0.00021873
0.00025617
0.00038966
0.00032605
0.00040508
0.00036042
0.0004301
0.00041669
0.00039635
0.0003316
0.00030948
0.0003346
0.0003073
0.00035423
0.00029108
0.00023054
0.00023158
0.00026573
0.00023658
0.00020329
0.00023636
0.000314
0.00028114
0.00036911
0.00028495
0.00037101
0.00059427
0.00029435
0.00032516
0.00039229
0.00038914
0.00045131
0.00037319
0.00025135
0.00028579
0.00030045
0.0002898
0.00034716
0.00028345
0.00021596
0.0002658
0.00029941
0.00025392
0.00019085
0.00019873
0.00023111
0.00019444
0.00015839
0.00021143
0.0001948
0.00030433
0.0004193
0.00039843
0.00036145
0.0003503
0.00043714
0.00035143
0.00033176
0.00032156
0.00030626
0.00032362
0.00035348
0.00029183
0.00025896
0.00020449
0.00020039
0.00020801
0.00022379
0.00032309
0.0003385
0.00030764
0.00021057
0.00033273
0.00040862
0.00047477
0.00030226
0.00029571
0.00041308
0.0003654
0.00043279
0.00045084
0.00040387
0.00030274
0.00026924
0.00025598
0.00021401
0.00022208
0.00028975
0.00025856
0.00027537
0.00023115
0.00024899
0.0001905
0.00025889
0.00025572
0.00019879
0.00020282
0.00024686
0.0003019
0.00034594
0.0003656
0.00030808
0.00035824
0.00040088
0.00039175
0.00038336
0.0003716
0.00034599
0.00042848
0.00035522
0.00031324
0.00028028
0.00021663
0.00016355
0.0001933
0.00023482
0.00029819
0.00036499
0.00030542
0.0002578
0.00037626
0.00034371
0.00046993
0.00029168
0.00038687
0.00041126
0.00041245
0.00035619
0.00042028
0.00042012
0.00039615
0.00036636
0.00029825
0.00024432
0.00025265
0.00025001
0.00022145
0.00019743
0.00025862
0.00030579
0.00025183
0.0003235
0.00026573
0.000222
0.00019037
0.0002326
0.00024785
0.00024972
0.00036021
0.00046606
0.00041997
0.0004137
0.00053884
0.0006153
0.00031319
0.0003309
0.00030679
0.00034091
0.00033561
0.00021965
0.00026265
0.00023023
0.0002544
0.00025878
0.00028751
0.00026988
0.00030691
0.00038128
0.00053784
0.00061472
0.00051274
0.0002264
0.00029476
0.00027967
0.00035945
0.00033116
0.00033106
0.00031883
0.00038549
0.00040523
0.00042903
0.00030619
0.00033246
0.00029957
0.00022088
0.00023771
0.00031973
0.0003644
0.00039816
0.00036196
0.00030477
0.00023978
0.00024935
0.00023115
0.00022527
0.00026418
0.00031461
0.00034655
0.00035765
0.00052399
0.00052105
0.00052673
0.00044677
0.00039316
0.00032124
0.00025561
0.00025975
0.00026597
0.00032429
0.00031464
0.00024537
0.00027832
0.00026412
0.00024501
0.00028844
0.00043559
0.000457
0.00053034
0.00052064
0.00025878
0.00027772
0.00030923
0.00039505
0.00034394
0.00025016
0.00023993
0.00032939
0.00040215
0.0004184
0.00035974
0.00033168
0.00031034
0.00025903
0.00020325
0.00028553
0.00035242
0.00041277
0.00041209
0.00033587
0.00025176
0.00027789
0.00030449
0.00026061
0.00025747
0.0002661
0.00038825
0.00043785
0.0005061
0.00051462
0.00059753
0.00049844
0.00035973
0.00031175
0.00028195
0.0002761
0.00025468
0.00028217
0.00031347
0.00024121
0.00025685
0.00022509
0.0003001
0.00041886
0.00055752
0.00046819
0.00053323
0.00054485
0.00027635
0.00027538
0.00033537
0.00033355
0.00029825
0.00021333
0.00020996
0.0002591
0.00038696
0.00040416
0.00036452
0.00036081
0.0003975
0.00035547
0.00024696
0.00030145
0.0003363
0.00042531
0.00051778
0.00036868
0.00029297
0.0002676
0.00025431
0.00025974
0.00025471
0.00032479
0.0003622
0.00047985
0.00038712
0.00056939
0.00068773
0.00057189
0.00056417
0.00032985
0.00029198
0.00024971
0.00032661
0.00029344
0.00026234
0.00020448
0.0002215
0.00025671
0.00023437
0.00045219
0.00051025
0.00052708
0.00045528
0.0004296
0.00022301
0.00026949
0.00037276
0.00031563
0.0002621
0.00018382
0.00022281
0.00023493
0.00029412
0.00035028
0.00033572
0.00029821
0.00030485
0.00025868
0.00024472
0.00030452
0.00027414
0.00037651
0.00040862
0.00035411
0.0003339
0.00029669
0.00022625
0.00025384
0.00034936
0.00031771
0.00047908
0.00052864
0.00044819
0.00051351
0.00036763
0.00036905
0.00045879
0.00039863
0.0002568
0.00040712
0.00033046
0.00032918
0.00030472
0.00022833
0.00024872
0.00030109
0.0002669
0.0004194
0.00051716
0.00037705
0.00038661
0.00036339
0.00026932
0.00027967
0.00038671
0.0003747
0.00030098
0.0001669
0.00018781
0.00018676
0.00030414
0.00033192
0.00035306
0.00029747
0.00022915
0.00024249
0.00028869
0.00027902
0.00022081
0.00028393
0.00033932
0.00034095
0.00028938
0.00023489
0.00024155
0.00026053
0.00035275
0.0003365
0.0003911
0.00042004
0.000354
0.00039254
0.00048896
0.00047974
0.0005186
0.00036617
0.00036949
0.00034516
0.00045177
0.00035481
0.0003664
0.00033971
0.00027659
0.00019422
0.00028505
0.00030597
0.00030744
0.00028083
0.00033327
0.00031964
0.00019732
0.0002712
0.00037581
0.00025621
0.00025566
0.0001867
0.00017846
0.00026345
0.00026483
0.00019728
0.00023056
0.00029071
0.00029732
0.00032068
0.00033853
0.0003121
0.00029933
0.0003185
0.00035521
0.00033503
0.00030235
0.00036366
0.00021518
0.0002754
0.00038619
0.00037006
0.00031874
0.00037703
0.00031852
0.00031253
0.00029633
0.00046468
0.00043435
0.00042442
0.00046471
0.00046058
0.00042492
0.00038597
0.00041474
0.00038099
0.00035116
0.00033305
0.00031818
0.00027533
0.00029192
0.00022548
0.00019138
0.00021924
0.00020824
0.00025762
0.00027223
0.00020711
0.00017362
0.00017453
0.00018897
0.00021352
0.0002329
0.00022775
0.00031538
0.00033507
0.00040246
0.00040678
0.00034091
0.00032166
0.00041664
0.00035866
0.0003412
0.00036134
0.00030721
0.00036122
0.00032437
0.00032162
0.00032048
0.00036333
0.0003375
0.00038424
0.00035266
0.0004238
0.00036351
0.00053873
0.00050681
0.00046627
0.00052318
0.00047831
0.00044992
0.00051811
0.00042741
0.0004073
0.00036372
0.00041477
0.0003358
0.0002848
0.00027716
0.00021998
0.00015814
0.00013127
0.00021513
0.00024711
0.00024818
0.0002025
0.00022264
0.00017696
0.00020038
0.00023911
0.00021638
0.00021402
0.00028074
0.0003163
0.00050801
0.00049194
0.00049108
0.00044832
0.00041059
0.00036467
0.00036429
0.00033839
0.00034208
0.0003306
0.0003431
0.00032954
0.0002545
0.00031635
0.00032603
0.0003695
0.00030227
0.00038428
0.00051459
0.00056525
0.00043194
0.00044381
0.00050867
0.00060104
0.0006932
0.00061378
0.00037694
0.00037104
0.00038912
0.00031462
0.00028247
0.00020086
0.00021498
0.00014447
0.00016166
0.00013832
0.00026974
0.00021834
0.0002488
0.00026556
0.00020682
0.00020947
0.00022713
0.00029992
0.000297
0.00028729
0.00031908
0.00033733
0.00038904
0.00046169
0.00045486
0.00046929
0.00048563
0.00026694
0.00031582
0.00040894
0.00033345
0.00035091
0.00039464
0.00031136
0.0002555
0.00028001
0.00032567
0.00035216
0.00032857
0.00039785
0.00051394
0.00047654
0.00042637
0.00053662
0.00062314
0.00043299
0.00063622
0.00054319
0.0004509
0.00037012
0.00038502
0.00040428
0.00025694
0.0002492
0.00021764
0.0002283
0.00016438
0.00016128
0.00028301
0.00029527
0.00026824
0.00031596
0.00028937
0.00023642
0.00029998
0.0002356
0.00031943
0.00024189
0.00025187
0.00024945
0.00035177
0.00043709
0.00049737
0.00057858
0.00060614
0.00036037
0.00032432
0.00039595
0.00046762
0.00041746
0.00041871
0.00024388
0.00023684
0.0002786
0.00032124
0.00032719
0.00026839
0.0003121
0.00040394
0.00038362
0.00038215
0.0004407
0.0005289
0.00042676
0.00045537
0.00050315
0.00037172
0.00039438
0.00046134
0.00042283
0.00032686
0.00030897
0.00030775
0.00022517
0.00016133
0.00022372
0.00034333
0.00039965
0.00032525
0.00040574
0.0003376
0.00026598
0.00024545
0.00031425
0.00032536
0.00028943
0.00029931
0.00039295
0.00033031
0.00052755
0.00054219
0.00086775
0.00052243
0.00035738
0.00033249
0.00028773
0.00030319
0.00034711
0.00036876
0.00028244
0.00025192
0.00027495
0.00033522
0.00036286
0.00043548
0.00034785
0.00029564
0.00031689
0.00037109
0.00042162
0.00054057
0.00061139
0.00050302
0.00043373
0.00036851
0.00033827
0.00029351
0.00038281
0.00032879
0.00030973
0.00033637
0.00027353
0.00029029
0.00024342
0.00034087
0.00027399
0.00034512
0.00040504
0.00031942
0.00028656
0.0002775
0.00034276
0.00033661
0.00032266
0.00033333
0.00037862
0.00045325
0.00046964
0.00047899
0.00071699
0.00050554
0.0004037
0.00030665
0.00024582
0.00026669
0.00033745
0.00036952
0.00035597
0.00029139
0.00037589
0.0003567
0.00036296
0.00044054
0.00034198
0.00037466
0.00032389
0.0003447
0.00029928
0.00042615
0.00061886
0.00047778
0.0003013
0.00026017
0.00030468
0.00031924
0.00023344
0.00024172
0.00036475
0.000454
0.000507
0.00040036
0.00032431
0.00027799
0.00026635
0.00028345
0.00031248
0.000296
0.00029934
0.00031249
0.00039892
0.00037169
0.00051667
0.00050529
0.00050311
0.00035664
0.00039653
0.00040616
0.00041353
0.00043503
0.00029252
0.00029077
0.00028606
0.00023531
0.00030138
0.00030293
0.00031959
0.00030652
0.00040005
0.00030718
0.00033385
0.00038092
0.00036499
0.00035896
0.00029885
0.00034966
0.00031297
0.00039456
0.00069091
0.0004822
0.00032281
0.00024578
0.00028873
0.00021975
0.00021748
0.00025808
0.00038011
0.00056989
0.00053294
0.00052376
0.00039509
0.00020326
0.00021258
0.00020679
0.0002258
0.00028563
0.00030018
0.00039654
0.00038192
0.00048206
0.00046251
0.0004456
0.00044407
0.00037102
0.0003661
0.000363
0.00032251
0.00033769
0.00025187
0.00029556
0.0002546
0.00023489
0.0002608
0.00040885
0.00030417
0.00032631
0.00040434
0.00037135
0.00034521
0.00028329
0.00031588
0.0002897
0.00047594
0.00029402
0.00033655
0.00047185
0.00058966
0.00060533
0.00032457
0.0002523
0.00021767
0.00024325
0.00020078
0.00035967
0.00042194
0.00036779
0.00051715
0.00047532
0.00035098
0.00023609
0.00019856
0.00026553
0.00038962
0.00025832
0.00038666
0.0003696
0.00044454
0.00051515
0.00041535
0.00030554
0.00033878
0.00038264
0.00035189
0.00035687
0.00038421
0.00029351
0.0002808
0.0003173
0.00023457
0.00023624
0.00024563
0.00025657
0.00028911
0.00034964
0.00041799
0.00046829
0.00044214
0.00042343
0.00038669
0.00036214
0.00035559
0.00038281
0.0003664
0.00049956
0.00052506
0.000437
0.00035704
0.00026369
0.00021023
0.00025455
0.00028783
0.00033753
0.00033466
0.00035862
0.00039136
0.00048139
0.00039896
0.00033566
0.00026216
0.0003245
0.00033242
0.00032147
0.00037802
0.000401
0.0003918
0.00035645
0.00043858
0.00037655
0.00040654
0.00047935
0.00046618
0.00037796
0.00032543
0.00024148
0.00029535
0.000295
0.00035692
0.00026274
0.0002082
0.00021556
0.00031586
0.00027517
0.00036547
0.00058271
0.00054213
0.00044812
0.00043763
0.00045519
0.00032473
0.00035572
0.00038577
0.00038905
0.00047203
0.00038593
0.00029412
0.0002297
0.00022685
0.00019742
0.00023356
0.00029855
0.00025881
0.00026016
0.00025805
0.0003359
0.00043415
0.00030619
0.00032965
0.00037006
0.00037504
0.00047017
0.00037882
0.00048796
0.00037623
0.0004001
0.0004683
0.00042762
0.00055201
0.00044587
0.00053991
0.00048952
0.0003446
0.00044182
0.00039731
0.00048854
0.00041547
0.00031953
0.0002346
0.00023811
0.00022291
0.0002585
0.00032169
0.00046768
0.00034856
0.00037732
0.00037763
0.00046249
0.00032939
0.00024048
0.00034116
0.00035901
0.0003051
0.00029177
0.00027173
0.00027676
0.0001972
0.00020255
0.0002745
0.0002795
0.0002295
0.00021639
0.00020984
0.00029284
0.00034495
0.00032978
0.00034337
0.0003717
0.00039281
0.00041204
0.00062258
0.00050636
0.00033369
0.00038751
0.00027679
0.00037892
0.00041754
0.00041529
0.00045004
0.00036582
0.00041755
0.00044813
0.00047877
0.00043636
0.00048675
0.00031277
0.00026506
0.00021144
0.00018274
0.00020055
0.00024775
0.00038651
0.00031442
0.00036215
0.00038881
0.00038852
0.00031316
0.00024864
0.00025509
0.00027136
0.00029796
0.00031863
0.00030597
0.0002586
0.00021227
0.0002674
0.00025965
0.00028864
0.00028283
0.00026259
0.00024341
0.00025974
0.0002589
0.0003077
0.00039075
0.00048086
0.00038606
0.00041949
0.00044402
0.00033026
0.00028372
0.00029888
0.00022915
0.00026028
0.0004191
0.00040229
0.00039916
0.00032363
0.00040723
0.00046645
0.00045036
0.00039393
0.00033242
0.00029416
0.00028781
0.00020647
0.00023459
0.00024818
0.00020772
0.00029737
0.00032917
0.00032313
0.00036258
0.00032496
0.00030484
0.00030177
0.00024508
0.00019472
0.00023128
0.00021628
0.00026831
0.00023251
0.00034412
0.00038939
0.00043881
0.00038031
0.00036182
0.00029955
0.00033133
0.00028882
0.00026752
0.00029533
0.00043619
0.00058883
0.00039955
0.00033967
0.00030133
0.00023086
0.00030986
0.00028121
0.00024046
0.00032751
0.00044574
0.00046431
0.00042826
0.0003832
0.00033818
0.00036783
0.00040155
0.00039328
0.0002571
0.00025639
0.00021734
0.00018285
0.00026256
0.00025874
0.00026511
0.00026205
0.00030924
0.00038363
0.00041466
0.00035184
0.00030842
0.00026184
0.0002249
0.00027263
0.00026227
0.00025929
0.00028997
0.00029796
0.00045467
0.00054966
0.00058731
0.0005011
0.00038372
0.00037972
0.00025525
0.00027724
0.00030944
0.00028982
0.00042727
0.00039996
0.00033297
0.00031956
0.00032414
0.00024028
0.00028618
0.00028889
0.00031396
0.00026114
0.00036727
0.00045833
0.00048373
0.00034789
0.00028535
0.00029943
0.00026758
0.00029764
0.00023569
0.00021877
0.00018252
0.00019089
0.00028798
0.00036644
0.00036541
0.00038571
0.00036508
0.00037712
0.00054323
0.00039762
0.00038964
0.00024773
0.00023158
0.00025526
0.00030695
0.00026502
0.00029149
0.00034138
0.00037983
0.00051176
0.00064675
0.00051863
0.00049869
0.00049875
0.0003657
0.00028239
0.00037641
0.00035661
0.00025748
0.00036142
0.0003023
0.00021689
0.0003195
0.00029067
0.00033038
0.00027661
0.00031426
0.00034778
0.00039946
0.00045656
0.00048554
0.00034608
0.00033372
0.00025235
0.00028341
0.0003429
0.00032314
0.00031712
0.00026451
0.00020273
0.00023648
0.00048157
0.00059093
0.00038995
0.0005122
0.00041409
0.00037574
0.00044176
0.00040629
0.00030466
0.00024917
0.00019577
0.00023209
0.00027945
0.0002473
0.00034427
0.00037715
0.00045058
0.00054864
0.00041758
0.00048489
0.00063006
0.00040603
0.00036984
0.00032098
0.00031562
0.00035021
0.00029633
0.00031753
0.00022778
0.00036519
0.00035701
0.00031411
0.00029038
0.00035336
0.0003642
0.00041227
0.00041248
0.00053319
0.0003454
0.00039648
0.00028716
0.00021882
0.00026489
0.00033401
0.0003411
0.00032779
0.00023395
0.00028046
0.00042185
0.00072864
0.00047551
0.00048803
0.00057142
0.00041145
0.00046096
0.00042457
0.00033749
0.00030606
0.00029263
0.00022018
0.00021954
0.00025263
0.00031686
0.00035297
0.00042444
0.0003956
0.00048378
0.00056978
0.0006263
0.00051918
0.00039501
0.00035956
0.00034484
0.00033514
0.00029271
0.00027713
0.00026128
0.00031041
0.00035069
0.00034432
0.00021991
0.00031408
0.0003311
0.00035083
0.00034751
0.000384
0.00028786
0.00033108
0.00031623
0.0002511
0.00028984
0.00031175
0.00035843
0.00032034
0.00033122
0.00037391
0.00040025
0.00055731
0.00057415
0.00038922
0.00057295
0.00057638
0.00051994
0.0006277
0.0003813
0.0003581
0.00036829
0.00037202
0.00037872
0.00036859
0.00041175
0.00037464
0.00039801
0.00043861
0.00038907
0.00054469
0.00071205
0.00057886
0.00041491
0.00029533
0.00024685
0.00029111
0.00020819
0.00025043
0.00029304
0.0003683
0.00041033
0.00037977
0.00032008
0.00033899
0.00031436
0.00029331
0.00024648
0.00032515
0.00030588
0.00029269
0.00033082
0.00027592
0.00026645
0.00029299
0.00039109
0.00046728
0.00048097
0.0004526
0.00046528
0.00050928
0.00048363
0.00052804
0.00054321
0.00053345
0.00049907
0.00051527
0.0004888
0.00040321
0.00039231
0.00037899
0.00041238
0.00046825
0.00035339
0.00031152
0.00024907
0.00040769
0.00038073
0.00045799
0.00043738
0.00041328
0.00034228
0.00023743
0.00023351
0.00027665
0.00025128
0.00023178
0.00026231
0.00032754
0.00027627
0.00029865
0.00036782
0.00037022
0.0002976
0.00026661
0.00029153
0.00025709
0.00029242
0.00030727
0.00032751
0.00030294
0.00021457
0.00027234
0.00029646
0.00031101
0.00048773
0.00047493
0.00050007
0.00058068
0.00061382
0.00046918
0.0004338
0.00041283
0.00037865
0.00039859
0.00045425
0.00046415
0.00037086
0.0004584
0.00041644
0.0003755
0.00043358
0.00038101
0.00035478
0.00033865
0.00032731
0.00050561
0.0004649
0.00042177
0.00027483
0.00022535
0.00018412
0.00024143
0.00029976
0.0002297
0.00031058
0.00033137
0.00024988
0.00030337
0.00030946
0.00031842
0.00026539
0.00025686
0.00029747
0.00033153
0.00029978
0.00032779
0.00032136
0.00025154
0.00023245
0.00022048
0.00025933
0.00031562
0.00055003
0.00059714
0.00056948
0.00050176
0.00034292
0.00036914
0.00050208
0.00047534
0.00047359
0.00043018
0.00057107
0.00045947
0.00050004
0.00043306
0.00048421
0.00039206
0.00040235
0.00029854
0.00038652
0.00042351
0.00037422
0.00052892
0.00044665
0.00047155
0.00029003
0.0002319
0.00022798
0.00028224
0.00040696
0.00034452
0.00037055
0.00046434
0.00038776
0.00028726
0.00026831
0.00031214
0.00027314
0.00025437
0.00027257
0.00032232
0.00031315
0.00031894
0.00033238
0.00027885
0.00029556
0.00021703
0.00029552
0.00049054
0.00058375
0.00066444
0.00042894
0.00041991
0.00031262
0.00037592
0.00042393
0.00040789
0.00036602
0.00049919
0.00049189
0.00041765
0.00036896
0.00035494
0.00046103
0.00045333
0.00037642
0.00035937
0.00031412
0.00035398
0.00031868
0.0004421
0.00047402
0.0003359
0.00023043
0.00023058
0.00035992
0.00034742
0.0004064
0.00032907
0.00042166
0.00046911
0.00051266
0.00035699
0.000308
0.00028923
0.00025444
0.00019265
0.00027121
0.00033134
0.00040861
0.00030901
0.00026853
0.00024753
0.00027014
0.00029384
0.00035588
0.00044065
0.00048665
0.000535
0.00032559
0.00025713
0.00027981
0.00039715
0.00041848
0.00041437
0.00033389
0.00043533
0.00043392
0.0003954
0.00050524
0.00032627
0.00035064
0.00027684
0.0003692
0.0003263
0.0002401
0.00027109
0.00027832
0.00032653
0.00029781
0.00029281
0.00025415
0.00027671
0.0003286
0.00034916
0.00031057
0.00034755
0.0004584
0.0005039
0.00040006
0.00041047
0.00027512
0.00022984
0.00028257
0.00029861
0.00037519
0.00033638
0.00029424
0.00025815
0.00019208
0.00022816
0.00025006
0.00033337
0.00054727
0.00046743
0.00040962
0.0003619
0.00034059
0.00022615
0.00024512
0.00031225
0.00045771
0.00040692
0.00036078
0.00039987
0.00043233
0.00038802
0.00040731
0.00034833
0.00033512
0.00027378
0.00027061
0.00027246
0.00022601
0.00018059
0.0002834
0.00027893
0.00025479
0.00029012
0.00029443
0.00030393
0.0003777
0.00034907
0.00045898
0.00054678
0.00038735
0.0003209
0.00026056
0.00027425
0.00027235
0.00033057
0.00036579
0.00043501
0.00040695
0.00025932
0.00021591
0.00014609
0.00018759
0.00020654
0.00028523
0.00030778
0.00039221
0.00047387
0.00045964
0.00036004
0.00027901
0.00022679
0.00019655
0.00024958
0.000325
0.00040197
0.00040491
0.00042995
0.00052781
0.00049034
0.00036557
0.00033914
0.0002926
0.00027373
0.00021301
0.0001779
0.0002914
0.00026388
0.00032332
0.0003125
0.00025257
0.00031813
0.00034709
0.0003624
0.00047861
0.00039171
0.0003561
0.00046887
0.00045718
0.00036607
0.00021718
0.00021213
0.00023394
0.0003323
0.00046072
0.0005165
0.00049598
0.00032247
0.00025716
0.00021802
0.00021995
0.00023265
0.00027809
0.00037788
0.00038955
0.00055525
0.00038683
0.00046447
0.00029098
0.00027973
0.00028353
0.0002853
0.00034556
0.00041291
0.00046364
0.00046063
0.00041605
0.00052677
0.00048999
0.00031965
0.00023348
0.00023376
0.00022067
0.00027592
0.00032187
0.00038468
0.0003418
0.00038787
0.00033152
0.00023309
0.00024726
0.00027475
0.00041854
0.00040751
0.0004863
0.00055077
0.00045983
0.00024647
0.00021143
0.00018032
0.00020666
0.00024058
0.00047209
0.00051561
0.00053228
0.00039617
0.00035619
0.00026243
0.00022287
0.00021265
0.00030852
0.00037069
0.0004061
0.00041285
0.00050728
0.00053639
0.00050082
0.00035413
0.00031904
0.00038099
0.00035422
0.0004294
0.00034263
0.00026832
0.00027077
0.00032801
0.00036155
0.00025795
0.00025351
0.0002166
0.00021556
0.00033999
0.00033184
0.00034046
0.00035683
0.00033807
0.00027956
0.00021531
0.00024623
0.00026736
0.00040402
0.00042014
0.00060083
0.00042798
0.0003278
0.00024387
0.00017559
0.00014927
0.0001994
0.00028893
0.00029835
0.00043432
0.00052883
0.00040451
0.00029713
0.00032589
0.00032594
0.00027704
0.00033857
0.00036919
0.00044179
0.00049236
0.00051126
0.00049754
0.00046905
0.00053982
0.00040069
0.00041856
0.00031469
0.00032111
0.00034979
0.00025215
0.00029348
0.00029624
0.00043194
0.00028663
0.00025234
0.00021031
0.00024188
0.00034089
0.00031727
0.00034074
0.00034637
0.00033226
0.00027085
0.00027823
0.0002431
0.0002324
0.00050695
0.00053334
0.00051973
0.00039949
0.00040188
0.00033245
0.00021732
0.00020165
0.00021011
0.0002676
0.00029209
0.00026151
0.00047713
0.00042674
0.00035035
0.00030654
0.0004439
0.00033731
0.00035996
0.00038113
0.00044131
0.00051479
0.00060821
0.00045071
0.00041134
0.00059645
0.00053489
0.00033839
0.00030633
0.00027554
0.00026649
0.00025873
0.00024293
0.0002782
0.00041869
0.00032767
0.00029103
0.00027926
0.00026072
0.00028842
0.00040012
0.00034343
0.0005013
0.00045828
0.00038035
0.00041762
0.00025508
0.00024909
0.00057415
0.00062089
0.00040284
0.00044129
0.00041239
0.00037379
0.00030865
0.00025059
0.00026111
0.00023846
0.00031937
0.00030881
0.00035295
0.00031379
0.0003642
0.000324
0.00035341
0.00034561
0.0004565
0.0003047
0.00032366
0.00047032
0.00038472
0.00041598
0.0003734
0.00040268
0.00029411
0.00023344
0.00021258
0.00025376
0.00019686
0.00016892
0.00026348
0.00030992
0.00027389
0.00034556
0.00037324
0.00035022
0.00031019
0.00046076
0.00049655
0.00048153
0.00043208
0.00042493
0.00032529
0.00037335
0.00022113
0.00022405
0.00051713
0.00054255
0.00044193
0.00033565
0.00030576
0.00042377
0.00039646
0.00032329
0.00030372
0.00027983
0.00028609
0.00030875
0.00041018
0.00033106
0.00031914
0.00035652
0.00043378
0.000463
0.00040711
0.00031978
0.00031096
0.00028822
0.00026366
0.00025924
0.00035249
0.00031551
0.00024848
0.00019782
0.00018174
0.00015336
0.00017091
0.00020616
0.00024039
0.00031052
0.000349
0.00038044
0.00036842
0.00036302
0.00041608
0.00038779
0.00043998
0.00045677
0.0004278
0.00043896
0.00033597
0.00040879
0.00023234
0.00021088
0.00047398
0.00048029
0.00048404
0.00046174
0.00043462
0.00047446
0.00042993
0.00031487
0.0003444
0.00035499
0.00027052
0.00038598
0.00030818
0.00031917
0.00032261
0.00037679
0.00038319
0.00045639
0.00032862
0.00021817
0.00027263
0.00023961
0.00026238
0.00024552
0.00026229
0.00029149
0.00027709
0.000255
0.00020008
0.00019359
0.00021028
0.00023522
0.00030688
0.00020636
0.00032578
0.00040172
0.00043076
0.00033981
0.00032786
0.00035302
0.00036208
0.00048056
0.0004022
0.00036154
0.00030356
0.00029909
0.00027366
0.0002457
0.00040593
0.00046572
0.00047259
0.00049615
0.00039488
0.00039653
0.00044613
0.00033558
0.00029434
0.00036639
0.0004131
0.00041623
0.00036743
0.00035984
0.00034452
0.00042909
0.00044358
0.00041554
0.00033217
0.00027206
0.00027861
0.00027413
0.00022704
0.00020561
0.00030151
0.00030368
0.00039763
0.00037434
0.00034518
0.00026636
0.00026048
0.00025882
0.00021907
0.000294
0.00027013
0.00044107
0.00035548
0.00035253
0.00038462
0.0003552
0.00029873
0.0003548
0.00042666
0.00034973
0.00034942
0.0002826
0.0002113
0.00024419
0.00040295
0.00042724
0.0004711
0.00052921
0.00058172
0.00057533
0.0005049
0.00035467
0.00031016
0.00029162
0.00031493
0.00032987
0.00048935
0.0004909
0.00038637
0.00035094
0.00040519
0.00039417
0.00030412
0.00024959
0.00019334
0.00031445
0.0002787
0.00023455
0.00026874
0.00030022
0.00034059
0.00035346
0.00038606
0.00038891
0.00049218
0.00040399
0.00026317
0.00026808
0.00028541
0.0002586
0.00026742
0.00023246
0.00035985
0.00033491
0.00024128
0.0002844
0.00036512
0.00028297
0.00039907
0.00032984
0.00026658
0.0002838
0.00033605
0.00046503
0.00049749
0.00043793
0.00053376
0.00057738
0.00042382
0.00037883
0.00033391
0.00031131
0.00033284
0.00044124
0.00040617
0.00046401
0.00038509
0.00043449
0.00030839
0.00029454
0.00030057
0.00023207
0.00020386
0.00022304
0.00019649
0.00020796
0.00020697
0.00035046
0.00038326
0.00036834
0.00049352
0.00050826
0.00050193
0.00051223
0.00036641
0.00025859
0.0002735
0.00028195
0.00022997
0.00026613
0.00029449
0.00032583
0.00023353
0.00026968
0.00032574
0.00027959
0.0003351
0.00038561
0.00042229
0.0003681
0.00023683
0.00025743
0.00035174
0.00036475
0.00045372
0.00056732
0.00043246
0.00037342
0.00030529
0.00032816
0.00042686
0.00040623
0.00042619
0.00043047
0.00042575
0.00051133
0.00040134
0.00026041
0.00036867
0.00029991
0.00024726
0.00015714
0.00019444
0.00023207
0.00018359
0.00028909
0.00030473
0.00037107
0.00053084
0.00057131
0.00073152
0.000502
0.00032946
0.0003278
0.0003209
0.00030273
0.0002773
0.00025914
0.0003075
0.00029061
0.00025737
0.00028267
0.00035276
0.00030146
0.00035921
0.00045325
0.00033927
0.00045829
0.00026379
0.00025171
0.00029464
0.00032988
0.00044958
0.00047287
0.000322
0.00029947
0.0003567
0.00039563
0.00040474
0.00036977
0.00043199
0.00046562
0.00034461
0.00044563
0.00038638
0.00043294
0.00034086
0.000342
0.00025016
0.00023046
0.00022494
0.00020482
0.00020268
0.00022938
0.0003592
0.0004488
0.00058077
0.00071106
0.00067461
0.00037466
0.0002979
0.00022007
0.00027119
0.00031186
0.00031868
0.00030682
0.0002919
0.00027956
0.00028284
0.00030102
0.00029314
0.00028618
0.00035658
0.00038702
0.00048583
0.00057647
0.00022206
0.00021143
0.00030731
0.00042167
0.00047981
0.00037905
0.0003895
0.00036524
0.00043574
0.00050755
0.0005262
0.00049596
0.00053519
0.00052721
0.0004692
0.00047228
0.00042117
0.00036175
0.00041305
0.00039074
0.00031106
0.00025501
0.00025
0.00021533
0.00020704
0.00027696
0.00038932
0.00058295
0.00051153
0.00067305
0.00056521
0.00040752
0.00039785
0.00038464
0.00035099
0.00041002
0.00031173
0.00029136
0.00032477
0.00025581
0.0002969
0.00029842
0.00022362
0.00022461
0.00025671
0.00036159
0.00049031
0.00044349
0.00017664
0.00021052
0.00031808
0.00044265
0.0004499
0.00041587
0.0003722
0.00035236
0.00044274
0.0004815
0.00054621
0.00054339
0.00038251
0.00057152
0.00048768
0.00038195
0.00036177
0.00027968
0.00030267
0.00028816
0.00032299
0.00036367
0.00027624
0.00030292
0.00028692
0.00030142
0.0004055
0.00051536
0.00062156
0.00057896
0.00068277
0.00046606
0.00045259
0.00037013
0.00034312
0.00038413
0.00031881
0.00032059
0.00029961
0.00026462
0.00023056
0.00023624
0.00025657
0.00020242
0.00029518
0.00037096
0.00039691
0.00038608
0.00023348
0.0003084
0.0003742
0.0003746
0.00038031
0.00034497
0.00039224
0.00045233
0.0004036
0.00042401
0.00060889
0.00056607
0.00053575
0.00046394
0.00045767
0.00043016
0.00031323
0.00029361
0.00021188
0.00023988
0.0002708
0.00025476
0.0003345
0.00031207
0.00029392
0.00029344
0.00032464
0.00056959
0.00048723
0.00040411
0.00047615
0.00046095
0.00041931
0.00038567
0.00035776
0.0003778
0.00034636
0.00031428
0.00024599
0.00017291
0.00017168
0.00019537
0.00026103
0.00035072
0.00034158
0.00034388
0.00025309
0.0003287
0.00029649
0.00042107
0.00037572
0.00046528
0.00038819
0.00043137
0.00049048
0.00041138
0.00039936
0.00049901
0.00047212
0.00050089
0.00054793
0.00044026
0.00032973
0.00032609
0.00027508
0.00024263
0.0002517
0.0002188
0.0002691
0.00026924
0.00027865
0.00023574
0.00023813
0.00031735
0.00032709
0.0004207
0.0005297
0.0005022
0.00053729
0.00050174
0.00061563
0.00050628
0.00051183
0.00037591
0.00027403
0.00028992
0.00018733
0.00019672
0.00018202
0.00019164
0.00033112
0.00034126
0.00029751
0.00027556
0.00027401
0.00043361
0.00034985
0.00037989
0.00032702
0.00035857
0.00041648
0.00051557
0.00036043
0.00034904
0.00047393
0.00045017
0.00046646
0.00056287
0.0005912
0.00043512
0.00029512
0.00034177
0.00027271
0.00030095
0.00028513
0.00024013
0.00030557
0.00031057
0.00025105
0.00023079
0.00028927
0.00028389
0.00038901
0.00051977
0.00048609
0.00052602
0.00044142
0.00045211
0.0004825
0.00050838
0.00060488
0.00048913
0.00042384
0.00025598
0.0002295
0.00018406
0.0001971
0.00023129
0.00036038
0.00035848
0.00031744
0.00027524
0.00027891
0.00030491
0.00028229
0.00025179
0.00029851
0.00027829
0.00037514
0.00044034
0.00029905
0.00034994
0.00041123
0.0004571
0.00047689
0.00045583
0.00033062
0.00034542
0.00037452
0.00035051
0.00030896
0.00025066
0.00028311
0.00023105
0.00026752
0.00021861
0.00027497
0.00031015
0.00033997
0.00034883
0.0004422
0.00038664
0.00039539
0.00044064
0.00036313
0.0003889
0.00045049
0.00038614
0.00052088
0.00049049
0.00048937
0.00033874
0.00031307
0.00024811
0.00023377
0.00034627
0.00049998
0.00041918
0.00043511
0.00027613
0.00031921
0.00026501
0.00023323
0.00028039
0.00025228
0.00029206
0.000384
0.00033949
0.00035415
0.00029412
0.00039512
0.00052809
0.00043227
0.00033181
0.00029186
0.00039258
0.00037763
0.0002909
0.00034458
0.00032154
0.00038876
0.00030411
0.00026986
0.00019466
0.00020225
0.00023479
0.00027107
0.00031835
0.00032396
0.00027735
0.00045938
0.00043521
0.00032959
0.00041825
0.00038588
0.0004222
0.00050447
0.00039533
0.00034561
0.00029423
0.00032697
0.00038109
0.00029666
0.00032561
0.00036452
0.00049297
0.00041564
0.00032384
0.00027618
0.00031087
0.00030075
0.00025119
0.00031443
0.0003079
0.00032315
0.00038433
0.00025475
0.00025006
0.00039891
0.00042633
0.00031731
0.00031239
0.00027789
0.00031297
0.00028326
0.00026122
0.00024177
0.00027396
0.00037692
0.0002849
0.00022706
0.00018754
0.00018449
0.00017503
0.00023997
0.0003032
0.00035233
0.00044736
0.00060254
0.0003755
0.00033417
0.00039922
0.00031036
0.00030345
0.00030542
0.00026587
0.00032721
0.00026414
0.00025597
0.00030433
0.00029244
0.00042025
0.00037996
0.00035941
0.00041341
0.00033349
0.00024513
0.00023555
0.00030391
0.00028849
0.00023379
0.00028544
0.00035036
0.0002765
0.00028508
0.00027698
0.00030415
0.00037135
0.00032809
0.00029876
0.00030913
0.00032032
0.00023195
0.00022526
0.00026403
0.00025831
0.00033485
0.0002796
0.00021987
0.00022605
0.00017178
0.00019204
0.00026037
0.00036154
0.00037399
0.00032434
0.00031747
0.00041195
0.00030999
0.00037036
0.00027859
0.00023661
0.00027816
0.00031187
0.00031518
0.0003332
0.00028435
0.00029387
0.00036858
0.00039374
0.00036282
0.00031831
0.00035833
0.00034068
0.00025799
0.00021248
0.00035078
0.0003466
0.00026658
0.00026397
0.00034929
0.00028974
0.00032911
0.00027155
0.00025379
0.0002451
0.00034043
0.00029833
0.0003197
0.00023815
0.00025964
0.00033475
0.00032523
0.00033069
0.00028327
0.00027175
0.00026735
0.0002498
0.00028307
0.00027853
0.00037875
0.00042085
0.00032536
0.00036684
0.00035243
0.00030053
0.00027846
0.00025318
0.0002673
0.00033056
0.00036854
0.00036619
0.00033158
0.00027479
0.00027258
0.00026263
0.00027134
0.00027642
0.00031955
0.00030184
0.00030706
0.00026247
0.00024873
0.00026805
0.00037001
0.00033603
0.00033457
0.00033583
0.00030543
0.0003048
0.00028574
0.00027889
0.00031512
0.00027011
0.0003336
0.0002907
0.00037123
0.00030251
0.00036487
0.00032753
0.00027119
0.00025422
0.00029392
0.00027466
0.0003357
0.00028964
0.00037642
0.00028787
0.0004003
0.00046547
0.00034857
0.00034746
0.0003483
0.00039356
0.00027183
0.00031313
0.00029482
0.00031809
0.00036357
0.00040695
0.00048236
0.00039785
0.00033093
0.00032727
0.00029793
0.0002739
0.00029794
0.00027626
0.00030425
0.00031111
0.00024676
0.00019651
0.00039502
0.00031362
0.00032601
0.00037915
0.00037363
0.00028174
0.00028711
0.00027308
0.00034251
0.00024926
0.0002874
0.00031229
0.00041104
0.00034353
0.00034973
0.00030637
0.00029147
0.00030261
0.00033524
0.00029241
0.00030343
0.00042529
0.00047513
0.00048519
0.00049006
0.00048744
0.00034203
0.0003137
0.00035937
0.00038619
0.00041863
0.000353
0.00029165
0.000374
0.00039879
0.00043908
0.00057259
0.00051102
0.00039991
0.00037237
0.00022619
0.00034913
0.000409
0.000278
0.00036454
0.00037313
0.00032098
0.00027806
0.00033363
0.00036878
0.00035875
0.00028665
0.00022722
0.00028554
0.0002963
0.00027315
0.00024064
0.0002469
0.00022617
0.00029708
0.00031628
0.00031185
0.00027443
0.00021696
0.00025887
0.00029561
0.00024851
0.00029825
0.00033488
0.00042105
0.0005222
0.00042656
0.00052424
0.00038576
0.00031076
0.0003404
0.00030884
0.00035022
0.00038359
0.00035905
0.0003658
0.00060662
0.0006428
0.00062582
0.00056136
0.00043344
0.00033105
0.00029302
0.00023074
0.00027507
0.00028916
0.00029198
0.00036726
0.00043787
0.00033743
0.00037114
0.00028034
0.00034577
0.000379
0.00034707
0.00026821
0.00028345
0.00029304
0.00029942
0.00025512
0.00026503
0.00022684
0.00026791
0.00036894
0.00028803
0.00031603
0.00031126
0.00028965
0.0002384
0.00023723
0.00030051
0.00032916
0.00041107
0.00042183
0.00046036
0.00041483
0.00037644
0.0004748
0.00033148
0.0003351
0.00030828
0.00031321
0.00031512
0.00045219
0.00061175
0.00066638
0.00057723
0.00071369
0.00049672
0.00034339
0.00029042
0.0002799
0.00027194
0.0003338
0.00029895
0.0003687
0.00041696
0.0004187
0.00032707
0.00036552
0.00037999
0.00040241
0.00038341
0.00039934
0.00034112
0.0003688
0.00033285
0.00026739
0.0002579
0.00025284
0.00038154
0.00045198
0.00031091
0.00031708
0.00027205
0.00021714
0.00024735
0.00027892
0.00022605
0.00029899
0.00035475
0.00044557
0.00042092
0.00043316
0.00044354
0.00040549
0.00034268
0.00023335
0.00025512
0.00025492
0.00024052
0.00027142
0.00040515
0.00054329
0.00059862
0.00055333
0.00054618
0.00047512
0.00034641
0.00026118
0.00037756
0.00037492
0.00032766
0.00039913
0.00044525
0.00037284
0.00034484
0.00030244
0.00032605
0.00039268
0.00036497
0.00046668
0.00038647
0.00038912
0.00043738
0.00034901
0.00031121
0.00040935
0.00037589
0.00031513
0.00030888
0.00024428
0.00023401
0.00023609
0.0001913
0.00022905
0.0002399
0.00024418
0.00042663
0.00038682
0.00036423
0.00041532
0.00029745
0.00038399
0.00034536
0.00031463
0.00032861
0.00030363
0.00029458
0.00028625
0.00031244
0.0004622
0.00054446
0.00058765
0.0005662
0.00051788
0.00038777
0.00050051
0.00041344
0.00051524
0.00047319
0.00034886
0.00035822
0.00037071
0.0003218
0.00030411
0.00028212
0.00035912
0.00049337
0.00063125
0.0004931
0.00039007
0.00046698
0.00045969
0.00051123
0.00048896
0.00043609
0.00047473
0.00035929
0.00026412
0.00033048
0.00038099
0.00023665
0.0002802
0.00032935
0.0002969
0.00038638
0.00036694
0.00029244
0.00034332
0.00030117
0.00035209
0.00041598
0.00040148
0.00046194
0.00051426
0.00038515
0.00034773
0.00031498
0.00049543
0.00062207
0.00044062
0.00051109
0.00049264
0.00052807
0.00045845
0.00057565
0.00049331
0.00044543
0.00041252
0.00043345
0.00044252
0.00044779
