0.00022685
0.00031213
0.00062424
0.00067769
0.001217
0.0013953
0.0010138
0.00073576
0.00059333
0.00047055
0.00044616
0.00071512
0.0006168
0.00048662
0.00048405
0.0002971
0.00037093
0.00060461
0.00076019
0.0010838
0.0011996
0.0011021
0.00097885
0.00077469
0.00081117
0.00043913
0.00040229
0.00026471
0.00026179
0.00016446
0.00020176
0.00023894
0.00033884
0.00026207
0.00045276
0.00081886
0.00087031
0.00091067
0.00094087
0.00080275
0.0010033
0.00047532
0.00039936
0.00033735
0.00032123
0.00031358
0.00040528
0.00045844
0.00034737
0.00056897
0.00071874
0.00082161
0.0011516
0.00094231
0.0010823
0.00071184
0.00056078
0.00040432
0.00043663
0.00057342
0.00050262
0.00042231
0.000364
0.00043811
0.00027486
0.00034318
0.00051221
0.00064554
0.00049659
0.00094445
0.0011204
0.0010933
0.00050641
0.00053807
0.00051158
0.0004411
0.00019388
0.00021077
0.00016268
0.00016881
0.00026773
0.00036438
0.00058763
0.0010152
0.0010671
0.0010357
0.00088336
0.00088661
0.00080263
0.00055799
0.00037424
0.00040433
0.00031283
0.00027674
0.00032761
0.00042372
0.00052655
0.00061333
0.00069554
0.0010697
0.00075443
0.00074345
0.00075906
0.00089475
0.00045864
0.00074216
0.00086116
0.00050283
0.00069645
0.00032903
0.0003247
0.00043705
0.00028618
0.00045796
0.00053003
0.00056506
0.00047086
0.00091451
0.00076963
0.00065699
0.0008127
0.0011319
0.00079614
0.00057724
0.00052925
0.00034526
0.00019446
0.00016477
0.00028508
0.00030976
0.00045699
0.00092535
0.0012028
0.0013191
0.0008274
0.00064988
0.00073607
0.00064074
0.00054164
0.00033699
0.00042479
0.00047892
0.00048152
0.00056492
0.00071169
0.00099126
0.00068838
0.0009817
0.00093331
0.00088786
0.00054544
0.00071286
0.00070073
0.00081354
0.00077412
0.00067686
0.00048711
0.00029482
0.00031437
0.00031646
0.00035101
0.00063434
0.00052846
0.00049198
0.00044582
0.00067971
0.00079058
0.00087295
0.00091759
0.0011285
0.0010407
0.0008764
0.0005469
0.00045321
0.0002722
0.00029149
0.00040285
0.00036569
0.00070273
0.0007514
0.0010733
0.00092072
0.00072853
0.00041494
0.00056233
0.00066823
0.00084586
0.0005668
0.0006763
0.00064516
0.0007303
0.00055793
0.00086804
0.0010959
0.00084094
0.00095348
0.00090393
0.00057863
0.00049792
0.0003351
0.00071284
0.00051555
0.00042732
0.00059355
0.00066899
0.00043004
0.00045941
0.00036904
0.00051817
0.00075567
0.00081361
0.00075157
0.00053322
0.00081417
0.00094064
0.0013384
0.00096199
0.0008818
0.00079896
0.00097807
0.00077337
0.00052803
0.00047464
0.00039259
0.00030798
0.00044564
0.00059289
0.0008533
0.00067069
0.00093468
0.00051703
0.00055678
0.00076955
0.00062793
0.00068006
0.00060814
0.00056717
0.00060437
0.00071907
0.0012736
0.00096444
0.0011093
0.00072734
0.00086864
0.00074216
0.00050391
0.00033175
0.00032672
0.00037296
0.00040132
0.00047597
0.00069511
0.00083046
0.00063035
0.00036223
0.00067851
0.0004911
0.00077784
0.00069609
0.0009265
0.00088473
0.00079052
0.00096397
0.0010333
0.0010453
0.00089713
0.00089442
0.00081294
0.00098667
0.00048293
0.00035882
0.00023222
0.00036757
0.00040609
0.00062673
0.00091718
0.00083912
0.00082201
0.00086008
0.00090571
0.00086713
0.00062355
0.0005886
0.00071064
0.00080859
0.00090123
0.0011455
0.0010138
0.0010533
0.00081408
0.00085194
0.00064544
0.00072846
0.00040278
0.00028676
0.00029585
0.00039303
0.00043967
0.00047223
0.00063327
0.00065108
0.0005228
0.00055904
0.00060735
0.00032979
0.00050474
0.00080861
0.00098091
0.00085209
0.0010868
0.00104
0.00078187
0.00072294
0.00066255
0.00071236
0.0008563
0.00052429
0.0003365
0.00023192
0.00028489
0.00026297
0.00045027
0.00044572
0.00055966
0.00086043
0.0009156
0.0011786
0.0016445
0.0013573
0.00065615
0.0005973
0.00043812
0.00053349
0.00084384
0.0012644
0.0014519
0.0012574
0.0016899
0.00070341
0.00055273
0.00056949
0.00032134
0.00029213
0.00019655
0.00035614
0.00053603
0.00047076
0.00047813
0.00053336
0.00034643
0.00038645
0.00049857
0.00040328
0.00033784
0.00067365
0.00064876
0.0005049
0.00068355
0.0007057
0.00053221
0.00045355
0.00056759
0.00088441
0.00063727
0.00055748
0.000309
0.00026444
0.00030997
0.00037857
0.00045355
0.00036372
0.00045753
0.00081943
0.0014049
0.001871
0.0020371
0.0016859
0.0011486
0.0010275
0.00095993
0.00083278
0.00073209
0.0011154
0.0012729
0.0013068
0.00078958
0.00065442
0.00049322
0.00029632
0.00015163
0.00023556
0.00031954
0.0004102
0.00048841
0.00049789
0.00067729
0.00043053
0.00043249
0.00055717
0.00056994
0.00041969
0.0003664
0.0005018
0.00056413
0.0005233
0.0005946
0.00044128
0.00046085
0.00056071
0.0007209
0.00095922
0.00061562
0.00068762
0.00039231
0.00035412
0.0003964
0.00042348
0.00044436
0.00038006
0.0005721
0.00089723
0.0011183
0.0012868
0.0020142
0.0014214
0.0010783
0.0009629
0.0010934
0.0010259
0.00093273
0.00083238
0.0010334
0.00084173
0.00080455
0.00078518
0.00069489
0.0002516
0.00024375
0.00042943
0.00063736
0.00040644
0.0006467
0.00063948
0.00063076
0.00056891
0.00067988
0.00063999
0.00058405
0.00051534
0.00057253
0.0007599
0.00050084
0.00038939
0.00060586
0.00055717
0.00056068
0.00075329
0.0012192
0.0011576
0.00076917
0.00045195
0.00050061
0.00044378
0.00028627
0.00034532
0.00040422
0.00051982
0.00047298
0.0006954
0.0009558
0.0018862
0.0022418
0.0017692
0.0014664
0.0011466
0.0010263
0.00092524
0.00084445
0.00079326
0.00051828
0.00059109
0.00076566
0.00068983
0.00063766
0.00062899
0.00040297
0.00037879
0.00027649
0.00034181
0.00032966
0.0010557
0.0010505
0.0010666
0.00076252
0.00060926
0.00047024
0.00061461
0.0005618
0.00084306
0.00061227
0.00060326
0.00061677
0.00044961
0.00054655
0.00078636
0.0010823
0.00075488
0.00057957
0.00044637
0.00052989
0.00053139
0.00036529
0.00031327
0.00031293
0.00035988
0.00035021
0.00050349
0.00055064
0.0013943
0.0018044
0.0016553
0.0013062
0.00088463
0.00058177
0.00063465
0.0006719
0.0005195
0.00056686
0.00057071
0.00098926
0.00085392
0.00069616
0.00065028
0.00043837
0.00034206
0.00029068
0.00027387
0.0006509
0.001157
0.0012081
0.001136
0.00072156
0.00054447
0.00037314
0.00048795
0.00080932
0.00053334
0.0006704
0.00087677
0.00058382
0.00076563
0.00061285
0.0008581
0.00090499
0.00059626
0.0006603
0.00053411
0.00052805
0.00047965
0.00043783
0.00059127
0.00033112
0.00062747
0.00053341
0.00036064
0.00055616
0.00094132
0.0012472
0.00113
0.0011463
0.00081538
0.00086433
0.00050203
0.00052239
0.00056598
0.00050513
0.00080779
0.0014211
0.001104
0.00050748
0.00063336
0.00037595
0.00042058
0.00039845
0.00045293
0.00069647
0.0016439
0.0012839
0.0010709
0.00063286
0.00037403
0.00038452
0.00034028
0.00071727
0.00059022
0.00055701
0.0010284
0.00090961
0.00071049
0.00066609
0.00062088
0.0010087
0.00080618
0.00055065
0.00053286
0.00046974
0.00044498
0.00038498
0.00051143
0.00057592
0.00044805
0.00030292
0.00049747
0.0007485
0.00081292
0.00098647
0.0010851
0.00053996
0.00069215
0.00059522
0.00055832
0.00044445
0.00038731
0.00079833
0.00044033
0.00070349
0.00085775
0.00088049
0.00076729
0.00044679
0.00055263
0.00067529
0.00084725
0.0008374
0.00097352
0.0010512
0.00066611
0.0004836
0.0003928
0.00031294
0.00061751
0.00077764
0.00091733
0.00090375
0.0011257
0.0011786
0.00069969
0.00055319
0.00065867
0.00072187
0.00085514
0.00058052
0.00058833
0.00044289
0.00057095
0.00047373
0.00052424
0.00060399
0.00040566
0.00045544
0.00041447
0.00088148
0.00058567
0.00055996
0.00051632
0.00029572
0.00031313
0.00060531
0.00058396
0.00061788
0.00050977
0.00056359
0.00030146
0.00038096
0.00073841
0.00046803
0.0005688
0.00056408
0.0010505
0.0010662
0.0011891
0.0010972
0.00086111
0.00069189
0.00049273
0.00037293
0.00035919
0.00034342
0.00038225
0.00057716
0.00074057
0.0012277
0.0015767
0.00095589
0.00076667
0.00079608
0.00075211
0.00062082
0.00066047
0.00061708
0.00071845
0.00055232
0.00068508
0.00063519
0.00096197
0.00080531
0.00048607
0.00036548
0.00067292
0.00077548
0.00066741
0.00056173
0.00057099
0.00035961
0.00048219
0.00055367
0.00076708
0.00056302
0.00046143
0.00050235
0.00027039
0.00034889
0.00039293
0.00027052
0.00037211
0.00043208
0.00084806
0.00074565
0.00098811
0.00056831
0.00055127
0.00074394
0.00052292
0.00031355
0.00032309
0.00031849
0.00037889
0.00058055
0.00062606
0.00090755
0.00067713
0.00056552
0.00076429
0.0007936
0.00082535
0.0007498
0.00071287
0.00067238
0.0011536
0.0013821
0.00037611
0.00049418
0.00093091
0.00088394
0.00056986
0.00051406
0.00081271
0.0010156
0.0007301
0.0006936
0.00050117
0.00054085
0.00041814
0.00044108
0.0006388
0.00057147
0.00039725
0.0003743
0.00025973
0.00021246
0.000284
0.00038266
0.00037371
0.00043034
0.00044115
0.00050433
0.0010336
0.00073242
0.00050289
0.00038618
0.00039393
0.00020024
0.00021577
0.00051643
0.00046994
0.00074619
0.00086759
0.00090312
0.00055389
0.00058435
0.00040524
0.00066838
0.00093626
0.0012092
0.00099579
0.00098819
0.00080054
0.00057019
0.00040881
0.00048907
0.0012212
0.0007436
0.0010114
0.00061555
0.00065116
0.0012496
0.00078271
0.00061105
0.00055973
0.00063802
0.00056035
0.00036333
0.00095812
0.00096674
0.00048636
0.00027795
0.00023719
0.00032447
0.00033479
0.00035526
0.00031467
0.00043178
0.00050845
0.00044436
0.00060345
0.00069951
0.00060375
0.00026112
0.00020434
0.00015729
0.0003353
0.00044662
0.00048782
0.00059865
0.00096807
0.00097219
0.00087828
0.00034934
0.00038078
0.00051625
0.00058662
0.00087902
0.00094327
0.00066703
0.00054466
0.0003738
0.00040214
0.00061742
0.00096794
0.00088589
0.0011383
0.0012899
0.00067073
0.00077995
0.00079836
0.00062951
0.00063131
0.00073048
0.00060351
0.00049234
0.00077717
0.00091658
0.00082084
0.00042141
0.00036837
0.00029637
0.00025118
0.00025227
0.00033083
0.00040766
0.00054475
0.00060725
0.00077141
0.0007474
0.0005007
0.00031459
0.00022163
0.00027245
0.00041855
0.00046816
0.00046122
0.00075833
0.00050949
0.00053319
0.0003676
0.00032511
0.00032229
0.00045553
0.00041513
0.00046879
0.00049194
0.00051192
0.00037575
0.00033351
0.00040705
0.0009818
0.0013746
0.0011609
0.00072631
0.00061974
0.00062181
0.00082153
0.0006116
0.00058336
0.00059346
0.00044917
0.00054585
0.00064338
0.00073586
0.00078739
0.00095215
0.00068737
0.00044855
0.00034997
0.00056554
0.00026934
0.00033416
0.00037729
0.00045347
0.00063981
0.0010081
0.00059179
0.0005216
0.00049336
0.00026975
0.00024489
0.00027383
0.0004631
0.00051393
0.00055692
0.00048676
0.0003061
0.00019017
0.00015593
0.00021337
0.00025046
0.00027709
0.0002742
0.00031859
0.00041921
0.00028935
0.00043057
0.00066024
0.00091064
0.0010698
0.0010003
0.00074541
0.00049253
0.00047516
0.00054602
0.00044922
0.00059182
0.00052513
0.00047072
0.00070484
0.00070808
0.0010762
0.00099123
0.00077057
0.00082579
0.00051968
0.00042332
0.00046943
0.00027901
0.00047183
0.00049344
0.00034525
0.00065273
0.00093113
0.00054955
0.000511
0.000407
0.00028511
0.00032842
0.000298
0.0004417
0.00065014
0.00065206
0.00050825
0.00026487
0.000134
0.00020743
0.00021816
0.00021687
0.00023165
0.00030321
0.00046668
0.00043323
0.00033974
0.00038416
0.00051267
0.00090094
0.0010737
0.00058735
0.00069244
0.00070377
0.0003752
0.00035041
0.00051474
0.00041285
0.00047899
0.00060112
0.00077203
0.0008984
0.00129
0.0013957
0.00068519
0.00053507
0.00069927
0.00071723
0.00045795
0.00032559
0.00037087
0.00036635
0.00027359
0.00078372
0.00059634
0.00056433
0.00041997
0.00025014
0.00033633
0.00051483
0.00047797
0.00053972
0.00091469
0.00072151
0.00056083
0.00035329
0.00029027
0.00029668
0.00029722
0.00031554
0.00018016
0.00030836
0.00045952
0.00045001
0.00028263
0.00029675
0.00046847
0.00069895
0.00053492
0.00048293
0.00086392
0.00054481
0.00039814
0.00044973
0.00046841
0.00039404
0.00038445
0.00057589
0.00066013
0.0010604
0.0013142
0.0010992
0.00080151
0.00057241
0.0013838
0.0011179
0.0014855
0.0009728
0.00066324
0.00059261
0.00072031
0.00069372
0.00058435
0.00062213
0.0003077
0.00030905
0.00058887
0.00086468
0.0010613
0.00084245
0.0006813
0.00067634
0.00050222
0.0003552
0.000498
0.00042595
0.0005973
0.00031411
0.0002281
0.0002153
0.00036245
0.0003889
0.00038733
0.0004288
0.000542
0.00079304
0.00062689
0.00069724
0.00076594
0.00078926
0.00048099
0.00058096
0.0004211
0.0003489
0.00050141
0.00040022
0.00075775
0.0011433
0.00095546
0.00069969
0.00091537
0.00069308
0.0011939
0.0017456
0.001473
0.0015207
0.0011775
0.00069703
0.001059
0.00076468
0.00067978
0.00083089
0.00039188
0.00038739
0.00075151
0.00092566
0.0012384
0.0010443
0.00093945
0.00087245
0.00049398
0.0005329
0.00068241
0.00071609
0.00061972
0.00060217
0.00041351
0.00044134
0.00038461
0.00056708
0.00060516
0.00053857
0.00071293
0.00085551
0.00076532
0.00082827
0.00093957
0.00065642
0.00050797
0.00055489
0.00035782
0.00037984
0.00048128
0.00037888
0.00074279
0.0014375
0.0011728
0.00063066
0.00058525
0.00066831
0.0010783
0.0013769
0.0016377
0.0012418
0.0010872
0.00093344
0.00093271
0.0010915
0.00087792
0.00084024
0.00068962
0.00045289
0.00046664
0.00092931
0.00091815
0.00082559
0.00064722
0.00086141
0.00059719
0.00057618
0.00056245
0.00079462
0.00093217
0.0010521
0.00060636
0.00067807
0.00060778
0.00045659
0.00049541
0.00054845
0.00064663
0.0011669
0.0010466
0.00078499
0.00063976
0.00058961
0.00053333
0.00053337
0.00040711
0.00042523
0.00043526
0.00041005
0.00078234
0.0007011
0.0009627
0.00068106
0.00039574
0.00059628
0.0012011
0.0017954
0.0017244
0.0017836
0.0015872
0.00081603
0.00095215
0.00085976
0.0006482
0.0004827
0.00066217
0.00058523
0.00069774
0.0007411
0.00071316
0.0010365
0.00045587
0.00044714
0.0006649
0.00079346
0.00068893
0.0010829
0.00096083
0.00094369
0.0011471
0.00091203
0.0010388
0.00069295
0.000808
0.00080112
0.0013288
0.0012492
0.00081647
0.00073089
0.0004993
0.00039048
0.0004445
0.00030131
0.0004034
0.0004311
0.00044448
0.00067675
0.00081654
0.00084381
0.0005398
0.00059584
0.0004361
0.00025437
0.00092371
0.0014681
0.001689
0.0021548
0.0015959
0.0008479
0.0010002
0.00071046
0.00046462
0.00050523
0.00085709
0.0010088
0.001183
0.00084677
0.00063789
0.0004933
0.00048723
0.00067304
0.00076635
0.00070858
0.00087558
0.0011077
0.0009617
0.0010892
0.0012746
0.00097709
0.00082326
0.00096892
0.00076619
0.00079928
0.0010069
0.00083459
0.00070121
0.00047212
0.00054411
0.00053561
0.00051321
0.00040733
0.00076427
0.00051769
0.00062807
0.00074966
0.0009211
0.0009123
0.00048295
0.00039268
0.00035018
0.00028804
0.00098111
0.0017418
0.001737
0.0012959
0.0011177
0.0008289
0.0008284
0.0007737
0.00058553
0.00055098
0.00064923
0.00093885
0.0011302
0.0011062
0.00075587
0.00038578
0.00044573
0.00054411
0.00067306
0.00064722
0.0010194
0.0012518
0.0008562
0.0010514
0.001269
0.001437
0.00092233
0.00094986
0.00093196
0.00094939
0.00078919
0.00054815
0.00071982
0.00059428
0.00037026
0.000501
0.00039926
0.0004474
0.00050042
0.00053434
0.0006664
0.00098109
0.00080342
0.00053725
0.00041739
0.00032173
0.00032227
0.00031138
0.00099697
0.0021881
0.001393
0.00112
0.0010905
0.0007405
0.0010262
0.0008014
0.00066562
0.00049338
0.00075088
0.00079183
0.00087896
0.00066291
0.00065716
0.00052713
0.00046507
0.00038755
0.00057632
0.00087548
0.0014694
0.0011857
0.0010709
0.0012985
0.0017506
0.0014335
0.00088003
0.0010617
0.00087054
0.00052379
0.00041552
0.00034269
0.00044507
0.00036133
0.00046875
0.00028785
0.00021965
0.00033571
0.00054549
0.00041511
0.00047619
0.00088295
0.00075429
0.00054389
0.00053221
0.000348
0.0002843
0.00019982
0.0007515
0.00094645
0.00078174
0.00079224
0.00082324
0.00064881
0.0010141
0.00074923
0.00074105
0.00074541
0.00058206
0.00070035
0.00061697
0.00095361
0.00087852
0.00078222
0.00060082
0.00057514
0.00060402
0.0010147
0.0013502
0.0012085
0.0011758
0.00090705
0.001147
0.0018564
0.0012743
0.00104
0.00095461
0.00047156
0.00032092
0.00054232
0.00062348
0.0006816
0.00035115
0.00033092
0.00022234
0.00028439
0.0002743
0.00027646
0.00036438
0.00062169
0.0010611
0.00050833
0.00049953
0.0003402
0.00031125
0.00022912
0.00055195
0.00062355
0.00064778
0.00074392
0.00072205
0.001112
0.00062616
0.00078944
0.00073457
0.0005391
0.00061734
0.00054721
0.00062174
0.00089695
0.0010003
0.00071839
0.00054548
0.00042395
0.00066693
0.0010321
0.0012351
0.0012619
0.0012628
0.00085247
0.0013046
0.0017883
0.0016553
0.0013603
0.0010805
0.00051587
0.00049548
0.00049286
0.00072007
0.00056666
0.00041712
0.00020872
0.00030819
0.00026717
0.00018252
0.00034445
0.00034761
0.00049679
0.00066507
0.0005812
0.00040329
0.00030297
0.00023634
0.00018931
0.00042742
0.00053124
0.00073749
0.00088236
0.0010886
0.001062
0.001174
0.00066046
0.00043403
0.00045541
0.00051839
0.00052567
0.00053929
0.00075289
0.00087504
0.0008027
0.00060806
0.00050354
0.00050229
0.00058476
0.00098593
0.00094807
0.00095041
0.0010895
0.00093495
0.0012963
0.0014999
0.001179
0.00065715
0.00042564
0.00033083
0.00055578
0.00076085
0.00050522
0.00031366
0.00033972
0.00032472
0.00032853
0.00037966
0.00044523
0.0004787
0.00069571
0.00061853
0.00066215
0.0004466
0.00034994
0.00030291
0.00030766
0.00053983
0.00048929
0.0010675
0.0010544
0.0011032
0.001091
0.00082538
0.00047078
0.00043502
0.00052568
0.00047801
0.000406
0.0006322
0.00065104
0.00076804
0.00067113
0.00068966
0.00058235
0.00042277
0.00082573
0.00078929
0.00079949
0.00075387
0.0011251
0.00086328
0.001303
0.0013671
0.00096066
0.00051601
0.00041449
0.00047745
0.00076884
0.00066977
0.00094108
0.00056905
0.00033115
0.00047667
0.00071135
0.00092483
0.0009861
0.00064175
0.00055144
0.00040438
0.00034463
0.00038377
0.00032529
0.00031892
0.00041397
0.00037499
0.00053729
0.00087702
0.00095785
0.0013267
0.00096769
0.00079495
0.00048826
0.00060439
0.0005002
0.00051692
0.00043256
0.00042112
0.00077952
0.00099717
0.001241
0.00077528
0.00053968
0.00057486
0.00080881
0.00055645
0.00074066
0.00095467
0.00091553
0.0010087
0.0010011
0.0012402
0.00070926
0.00062667
0.00062185
0.00072537
0.00096647
0.0010937
0.00065091
0.00052743
0.00054352
0.00051183
0.00068619
0.00091112
0.0012097
0.00095838
0.00071539
0.00039392
0.00036719
0.00027883
0.00027969
0.00035567
0.00059537
0.00032584
0.00077653
0.0006849
0.00089769
0.00095081
0.00092559
0.00047197
0.00039922
0.00046238
0.00044502
0.00036363
0.00059079
0.00048052
0.00067391
0.0010897
0.00096557
0.00062985
0.00047176
0.00055162
0.00047794
0.00051216
0.00046501
0.00060119
0.00079932
0.00099225
0.00083247
0.0010481
0.00094421
0.00091521
0.00065884
0.00066664
0.00064362
0.00075295
0.0004824
0.00046647
0.00048142
0.00059817
0.00094239
0.00083216
0.00089649
0.00092717
0.00078342
0.00039431
0.00041213
0.00035502
0.00024712
0.00030571
0.000357
0.00046881
0.00070179
0.00075225
0.0011021
0.00087864
0.00055899
0.00052465
0.00063024
0.00045612
0.00041773
0.00071856
0.0004955
0.00056937
0.00095811
0.0013096
0.00087741
0.00087285
0.00050368
0.00050263
0.00047514
0.00042594
0.00063462
0.00054865
0.00065268
0.00057042
0.00072511
0.00080237
0.00073537
0.0010288
0.00044284
0.0005048
0.00049332
0.0004581
0.00048201
0.00043932
0.00053918
0.00080731
0.00062828
0.00074863
0.0011704
0.00097442
0.00067349
0.00035979
0.0003303
0.0002131
0.00032542
0.00027634
0.00040893
0.00077635
0.00070119
0.00067501
0.00065215
0.00066514
0.00074762
0.00057267
0.000555
0.00037731
0.00049462
0.00049913
0.00073127
0.0010554
0.0013712
0.0012251
0.0010657
0.0010791
0.00059866
0.00054429
0.00057828
0.00048804
0.00057339
0.00044574
0.00054945
0.00047952
0.0006781
0.00057283
0.00085528
0.00080533
0.00065879
0.00057332
0.00056901
0.00036672
0.00037475
0.00043212
0.0003247
0.00076202
0.00065084
0.00096776
0.0013752
0.00076837
0.00042592
0.00034878
0.00023004
0.0002837
0.00030322
0.00028035
0.00032893
0.00068235
0.00068676
0.00054672
0.00053528
0.00059317
0.00065351
0.00063943
0.00065214
0.00047586
0.00035359
0.00046753
0.00053169
0.00069574
0.00087172
0.0012468
0.0010808
0.00082423
0.00082274
0.00053563
0.00053987
0.00047741
0.00050126
0.000377
0.00051348
0.00066507
0.00076925
0.00078207
0.00070187
0.00062627
0.00059962
0.00071183
0.00074302
0.00047035
0.00040034
0.00037914
0.00031015
0.00053356
0.00070502
0.00092963
0.00083221
0.00098866
0.00058825
0.00039846
0.00033294
0.00033422
0.00027755
0.00044734
0.00041733
0.00069298
0.00055664
0.00055645
0.0003557
0.0003803
0.0004172
0.00060175
0.00094802
0.00053667
0.00039091
0.00047033
0.00034539
0.00047669
0.00063951
0.0011401
0.0011777
0.00078804
0.0007288
0.00038209
0.00040276
0.00040722
0.00065787
0.00039023
0.00041248
0.00065227
0.00064479
0.00063172
0.00050751
0.00079474
0.00076638
0.0010464
0.00060868
0.00033171
0.00040086
0.00037861
0.00038003
0.00067126
0.00058809
0.00077099
0.00078482
0.00055791
0.00067834
0.00067079
0.00029259
0.00032845
0.00033597
0.00036527
0.00036203
0.00070477
0.000522
0.00051665
0.00027774
0.00028684
0.00045912
0.00064793
0.00062238
0.00062933
0.00051459
0.0003472
0.00031228
0.00054905
0.00094968
0.001014
0.0014774
0.0014457
0.00087315
0.00058745
0.00033627
0.00048699
0.0003397
0.00050185
0.00036313
0.00062245
0.0010519
0.00071109
0.00093267
0.00093544
0.00085389
0.0009913
0.00059916
0.00053393
0.00036094
0.00038916
0.00054078
0.00076141
0.00064245
0.00068257
0.00081313
0.00076563
0.00065229
0.00068072
0.0003802
0.00030893
0.00042132
0.00037063
0.00041685
0.00067184
0.00068104
0.0003723
0.00034642
0.00062864
0.00074569
0.00069728
0.00072637
0.0006386
0.00057627
0.00043448
0.00025075
0.00049918
0.00085357
0.00092627
0.001586
0.0013437
0.00097282
0.0003811
0.00032738
0.00025246
0.00027727
0.00039819
0.00041695
0.00047668
0.00073489
0.001119
0.0008066
0.00088275
0.0011176
0.00094007
0.00049586
0.00066009
0.00053948
0.00053153
0.00073112
0.00088867
0.00082997
0.0010353
0.0010029
0.00082774
0.00072
0.00056961
0.00041273
0.00046797
0.00038624
0.0004032
0.00035765
0.00076568
0.00060549
0.00063923
0.00040636
0.00064007
0.00076468
0.00067723
0.00064608
0.00065488
0.00079503
0.00046622
0.00034355
0.00035263
0.00045019
0.00079997
0.00091072
0.0012986
0.0011309
0.00054957
0.0005147
0.00040312
0.00025926
0.00032007
0.00061295
0.00056961
0.00053518
0.00066725
0.00091273
0.0015082
0.0013154
0.00091781
0.00050794
0.00090656
0.0010585
0.0010572
0.0011193
0.00098657
0.00098328
0.0014076
0.001051
0.0016429
0.00098768
0.0007471
0.00052102
0.00062382
0.00087888
0.00064029
0.00057815
0.00051189
0.00054283
0.00089735
0.00054313
0.00084509
0.00090794
0.00087922
0.00067972
0.0011813
0.00094321
0.00099018
0.00045881
0.00032827
0.00051985
0.00066544
0.00066375
0.0010196
0.00089573
0.00066223
0.00068442
0.00063326
0.00047317
0.00064448
0.00074475
0.00063481
0.00063304
0.0008214
0.00091113
0.0010447
0.00087897
0.00065354
0.00093437
0.00093583
0.00075087
0.00067336
0.0007818
0.00056253
0.00092173
0.0010495
0.00093967
0.0016315
0.00090274
0.0005818
0.00063133
0.00056071
0.00067089
0.00083793
0.00058375
0.00043886
0.00044011
0.00049244
0.00061987
0.0006152
0.00064032
0.0010553
0.00083656
0.00090895
0.00095161
0.00092748
0.00081173
0.00080663
0.00052565
0.00062998
0.00048723
0.00051499
0.00066163
0.00045989
0.00050602
0.00038573
0.0005798
0.00059199
0.00069235
0.00064398
0.00063323
0.00076352
0.00069565
0.0011469
0.00078681
0.00058834
0.0010226
0.00083486
0.00092401
0.00066171
0.001085
0.00061315
0.0005793
0.00078305
0.00096515
0.0014618
0.00081864
0.00091544
0.00076208
0.00059807
0.00071259
0.00062627
0.000889
0.00066605
0.00070971
0.00067295
0.00049034
0.00070873
0.00075058
0.00076324
0.00101
0.00093245
0.0012803
0.0010362
0.00071734
0.00064522
0.00064148
0.00047905
0.00025738
0.00048949
0.00053495
0.00035589
0.00032747
0.00040744
0.00054133
0.00062558
0.0011402
0.0012503
0.00077919
0.00098421
0.00093288
0.0011146
0.00086464
0.0007297
0.00098752
0.00093739
0.00050786
0.00082369
0.00078493
0.00050542
0.00051777
0.00075353
0.00096801
0.0011052
0.00071944
0.00077414
0.00081359
0.00054721
0.00080329
0.0008161
0.00090615
0.00073311
0.00085118
0.00076535
0.00067536
0.0012563
0.00079518
0.00096244
0.00086008
0.001257
0.0011486
0.00094875
0.00060787
0.00063021
0.00074451
0.00045479
0.00046937
0.00044884
0.0004198
0.00034595
0.00025356
0.00040563
0.0007849
0.0010166
0.0010549
0.0011177
0.00068216
0.00080043
0.00080812
0.00067866
0.00054821
0.00056012
0.00080257
0.00084506
0.00071624
0.00073274
0.00065236
0.00059775
0.00059002
0.00069127
0.00067024
0.00051428
0.0006335
0.00052295
0.00085981
0.00058345
0.00053854
0.00072577
0.0010085
0.00070549
0.00088301
0.00068807
0.0007987
0.00093052
0.00096736
0.00072556
0.00076652
0.0011583
0.0012062
0.00083314
0.00045788
0.0004796
0.00067717
0.00070714
0.00044475
0.00047221
0.00048431
0.00034027
0.00028271
0.00056656
0.00079555
0.0011866
0.00113
0.00078713
0.00060294
0.00057442
0.00069275
0.00045525
0.00051806
0.00041274
0.00060825
0.00077495
0.0010367
0.00067776
0.00069537
0.00091741
0.00070836
0.00053384
0.00050404
0.00054616
0.00076254
0.00073984
0.00079456
0.00071928
0.00078454
0.00069461
0.0012549
0.00079243
0.00040935
0.00049617
0.00061812
0.00065797
0.00086435
0.00051401
0.00045858
0.00044412
0.00054524
0.00072342
0.00063279
0.00061479
0.00071413
0.00072958
0.00072622
0.00055202
0.00051256
0.00031943
0.00048519
0.00051638
0.00076291
0.0011706
0.00054923
0.00058552
0.00068723
0.00047978
0.00046348
0.00044827
0.00060196
0.00047089
0.00059882
0.00082698
0.00098132
0.001266
0.00076493
0.00052584
0.00055199
0.00055833
0.00055507
0.00055683
0.00064138
0.00056462
0.00046261
0.00045635
0.00053908
0.00086906
0.0014017
0.00038894
0.00034366
0.00063229
0.00062106
0.0006119
0.00062749
0.00056562
0.0003157
0.0004199
0.0005679
0.00076626
0.00079284
0.00091805
0.00079459
0.0013602
0.0013438
0.00087135
0.00059385
0.00040655
0.00034216
0.00048299
0.00077523
0.00078001
0.00094766
0.0007413
0.0007252
0.00052003
0.00041021
0.00043585
0.00039658
0.0004761
0.0007825
0.00072461
0.0010793
0.00087569
0.00059657
0.00069632
0.00071782
0.00065271
0.00065721
0.00061724
0.00059292
0.00062238
0.00072236
0.0007729
0.00076461
0.0010303
0.0012047
0.00055176
0.0004032
0.00065161
0.00083459
0.00071953
0.00071205
0.00036942
0.00022509
0.00039097
0.00068121
0.00069104
0.0008796
0.0008675
0.00078287
0.0011097
0.0010952
0.0013104
0.00091889
0.00041294
0.00048305
0.00078943
0.00063108
0.00075308
0.0010439
0.0011149
0.00059768
0.00041555
0.0003025
0.00040632
0.00047775
0.00062654
0.00075876
0.00090622
0.0010369
0.0011898
0.00056333
0.00065618
0.00075795
0.00087964
0.0008591
0.00082565
0.00081578
0.00078745
0.0012096
0.00075419
0.00064457
0.00064084
0.00069509
0.00049727
0.00066069
0.00088885
0.00068766
0.00066035
0.0005829
0.00033135
0.00028919
0.00037494
0.00052625
0.00054516
0.0011534
0.0011716
0.00095314
0.0012964
0.0013141
0.0016961
0.001116
0.00061402
0.000558
0.0010495
0.00078854
0.00099293
0.0013178
0.0012942
0.00069614
0.00055471
0.00040836
0.00036864
0.00058613
0.00062533
0.00092833
0.00071002
0.00075632
0.00069555
0.0012372
0.00068515
0.00070365
0.0012637
0.0010902
0.00078713
0.00092883
0.0011022
0.0012869
0.00094278
0.00064029
0.00053608
0.00045714
0.00050911
0.00064658
0.0006102
0.00069742
0.0005197
0.00054795
0.00038954
0.000427
0.0003909
0.00043193
0.0006936
0.0011172
0.0010713
0.0011284
0.00094685
0.0010198
0.0010103
0.00082275
0.00060336
0.00082085
0.00084658
0.001079
0.0014514
0.0015674
0.0016625
0.00054479
0.00028977
0.00050908
0.00035718
0.00048312
0.00053114
0.00084581
0.00080699
0.00060472
0.00055397
0.0007469
0.00071867
0.00058058
0.00089751
0.00092476
0.00070709
0.00062866
0.00097878
0.001106
0.00069568
0.00037891
0.00048821
0.00042258
0.00049766
0.00049916
0.0004386
0.00033162
0.00037299
0.00061965
0.00062581
0.00034012
0.00046561
0.00043415
0.00047578
0.00071194
0.00065979
0.00076418
0.0007021
0.00092162
0.00074942
0.0007473
0.00059966
0.0005786
0.00069612
0.00084103
0.001109
0.0013518
0.00089637
0.0004216
0.00039271
0.00044978
0.00039264
0.00071037
0.00064277
0.00088513
0.00085722
0.00047335
0.00049147
0.00053158
0.00049831
0.00048399
0.00081919
0.00095656
0.00077904
0.00059749
0.00073619
0.0010969
0.00080228
0.00040574
0.00036946
0.00052872
0.00039368
0.00045477
0.00043754
0.00030181
0.00042259
0.00056333
0.00052993
0.00035947
0.00037973
0.00032478
0.00040353
0.00048368
0.00056795
0.00060245
0.00071677
0.00065267
0.00056576
0.00074186
0.00071496
0.00062736
0.00070011
0.00077681
0.00057341
0.00076097
0.00080231
0.00042948
0.0003976
0.00052947
0.00052953
0.00057401
0.00064135
0.00064499
0.0005674
0.00043739
0.00044322
0.00045571
0.00037695
0.00048355
0.00070695
0.00086178
0.00065831
0.00086198
0.00095257
0.00091935
0.00054012
0.00053388
0.00024932
0.00043753
0.00043877
0.00062603
0.00045367
0.00044864
0.00062867
0.00077678
0.00055731
0.00059519
0.00047138
0.0004666
0.00028723
0.00046209
0.00056869
0.00051268
0.00081876
0.00078621
0.0006893
0.00037872
0.0004707
0.0006949
0.00063099
0.0004829
0.00043976
0.00063559
0.00049374
0.00034414
0.00033121
0.00034284
0.00046545
0.00054504
0.00039114
0.00049661
0.00054701
0.00034682
0.00035245
0.00033043
0.00050789
0.00064067
0.00046086
0.00069192
0.00074091
0.00073326
0.00065617
0.00051259
0.000427
0.0003448
0.00026632
0.00027317
0.0005632
0.00056452
0.00063298
0.00088402
0.0012174
0.001024
0.00066015
0.00065047
0.00047079
0.00054765
0.00032182
0.00033265
0.00057429
0.00087433
0.00082712
0.001011
0.00071043
0.00036921
0.00048646
0.00040719
0.00054734
0.00048618
0.00064208
0.00095645
0.00059207
0.00038797
0.00037026
0.00044427
0.00053507
0.00044638
0.00031485
0.00040377
0.00032754
0.00027392
0.00040456
0.00037813
0.00045718
0.00053311
0.00065143
0.0007824
0.00074495
0.00051214
0.00041504
0.00052038
0.00060153
0.00048935
0.00036488
0.00027174
0.00075718
0.00069923
0.00078583
0.0011772
0.0011246
0.0013263
0.00093155
0.00043471
0.00074266
0.00063483
0.00033848
0.00032193
0.00048174
0.0011255
0.0011374
0.00097147
0.00089064
0.00041903
0.0003059
0.00031736
0.00047145
0.00030596
0.00039653
0.00057736
0.0004749
0.00048296
0.00041003
0.00025167
0.00033529
0.00037402
0.00028707
0.0004775
0.00030297
0.00026367
0.00030377
0.00039327
0.00039589
0.00050074
0.0006451
0.00067362
0.00061694
0.00055874
0.0006421
0.0005539
0.0006954
0.00069817
0.00062792
0.00041812
0.00074571
0.0010167
0.0012132
0.0010565
0.0012769
0.0014729
0.00070085
0.00044489
0.00045725
0.00044796
0.00053319
0.00037894
0.00048085
0.0009851
0.0012402
0.00082126
0.00079686
0.00053459
0.0003547
0.00026613
0.00031595
0.00053636
0.00050818
0.00040527
0.00035171
0.00039478
0.00037476
0.00027641
0.00030088
0.00024876
0.00028825
0.00033455
0.00042975
0.00025402
0.00021818
0.00020187
0.00032178
0.00043585
0.00061036
0.00070709
0.00061925
0.00033347
0.00043793
0.00054295
0.00080307
0.00065444
0.00077234
0.0006796
0.00096654
0.0016662
0.0017818
0.0015294
0.0014241
0.00097129
0.00087056
0.00041693
0.0004241
0.00036748
0.00071548
0.00056212
0.00069687
0.00084063
0.00078429
0.00077113
0.00067499
0.00051311
0.00031164
0.00033497
0.00031258
0.00056103
0.00040095
0.00041252
0.00043017
0.00034737
0.00028499
0.00026834
0.00038081
0.00039313
0.00039952
0.00025558
0.00047317
0.00029031
0.00017962
0.00016366
0.00024517
0.00027662
0.0005179
0.00034036
0.00043802
0.00037597
0.00039411
0.00044438
0.00063712
0.00078621
0.00087016
0.0014556
0.00065741
0.001041
0.0012395
0.00091239
0.00087811
0.0010941
0.00075755
0.00068509
0.00051685
0.00060783
0.00056135
0.00076493
0.00071842
0.00054585
0.00053789
0.00072297
0.000731
0.00049304
0.00037183
0.00034753
0.00037536
0.00040508
0.000526
0.00041915
0.00038948
0.00042407
0.00035286
0.00040315
0.00056563
0.00048077
0.00082158
0.00069838
0.00034647
0.00029567
0.00021191
0.00022084
0.00018289
0.00022744
0.00029047
0.00025097
0.00030781
0.00026009
0.00036483
0.00052879
0.00073571
0.0009825
0.0010422
0.0015269
0.00052361
0.00057571
0.00037745
0.00088542
0.00080644
0.0013323
0.00077502
0.00073279
0.00062864
0.00052839
0.00071537
0.00071392
0.00052236
0.00045906
0.0002801
0.0004052
0.00041394
0.00038895
0.00034423
0.00024142
0.0002559
0.00034963
0.00041076
0.00059653
0.0004191
0.00041356
0.00035655
0.00037855
0.00045931
0.00060191
0.00056268
0.00042593
0.00039622
0.0003181
0.00031617
0.00027935
0.00033057
0.00028467
0.00034548
0.00031764
0.00021769
0.00014702
0.00025386
0.00048904
0.0007408
0.0012767
0.0017236
0.001302
0.00037185
0.00036348
0.00051162
0.00069513
0.00075299
0.0011258
0.0010755
0.00083588
0.00077493
0.00061629
0.00058885
0.00055428
0.00053577
0.00043746
0.00031628
0.00027504
0.00035912
0.00050885
0.00030929
0.00024951
0.00027201
0.00034505
0.00040087
0.00063531
0.00051101
0.00042492
0.00029948
0.00062741
0.00060177
0.00081398
0.00068883
0.0004888
0.00038171
0.00031736
0.0004143
0.00035821
0.00033434
0.00040347
0.00040916
0.00025933
0.00024659
0.00019183
0.0002242
0.00041326
0.00072435
0.0012118
0.0017617
0.0016335
0.00043224
0.00058556
0.00041015
0.00057587
0.0006186
0.00089287
0.0007761
0.00098699
0.00060973
0.00084467
0.00049875
0.00039842
0.00029656
0.00041056
0.00056615
0.00028799
0.00033641
0.00040282
0.00039074
0.00033615
0.00027992
0.00028109
0.0002466
0.00048622
0.00048968
0.00045356
0.00047129
0.00087654
0.0010156
0.00093714
0.0007493
0.00054396
0.000442
0.00036396
0.00044938
0.00043305
0.00055508
0.00087537
0.00069143
0.00038412
0.00024414
0.00020668
0.00030364
0.00051169
0.0007231
0.0012054
0.0013915
0.0017963
0.00075381
0.00043786
0.00069902
0.00042235
0.00048991
0.0010637
0.0011391
0.0011238
0.00083446
0.00066602
0.00055902
0.00039477
0.00048354
0.00063761
0.00057908
0.00041251
0.00033708
0.00041981
0.00036109
0.00035025
0.000303
0.00020568
0.00025498
0.00020632
0.00045021
0.00063766
0.0011019
0.0010954
0.0012239
0.0011954
0.001181
0.00044559
0.00031398
0.00030497
0.00044044
0.00049763
0.00079835
0.00070636
0.00062218
0.00046965
0.00024979
0.0002013
0.00027632
0.00047096
0.00056026
0.0010059
0.0015687
0.0017713
0.00078618
0.00089984
0.00099594
0.00087079
0.00061401
0.00084719
0.0011565
0.00093445
0.00087317
0.00060792
0.00052981
0.00070173
0.00075795
0.00079302
0.00058148
0.00048495
0.00048889
0.00044631
0.00032
0.00020338
0.0002663
0.00028267
0.00025654
0.00028835
0.00031992
0.00046302
0.00074383
0.00086677
0.0010526
0.0012184
0.00075366
0.00048314
0.0004257
0.00034255
0.00053766
0.00070575
0.00095372
0.00080649
0.00062959
0.00042562
0.00045516
0.00027308
0.00023065
0.00032357
0.0004508
0.0006809
0.001181
0.0010088
0.00065213
0.00059157
0.000822
0.00057844
0.00043741
0.00041714
0.00065908
0.00057801
0.00067166
0.00065079
0.00060072
0.00059742
0.00072155
0.00081563
0.00080027
0.00070222
0.00064944
0.00039808
0.00050212
0.00035442
0.00038747
0.00025813
0.00030041
0.00028028
0.00045004
0.00051196
0.00067881
0.0011105
0.0018365
0.0011871
0.0010269
0.00059724
0.00045089
0.00045322
0.00077869
0.00078333
0.0013352
0.0010495
0.00072419
0.0005487
0.00052938
0.00035353
0.00022686
0.00029638
0.00025597
0.00036679
0.00060342
0.00069536
0.00042247
0.00055331
0.00043084
0.00052709
0.00046343
0.00035843
0.00034471
0.00055165
0.00055329
0.00051928
0.00062893
0.00076583
0.00060213
0.00097379
0.0010422
0.0010222
0.00078674
0.00074555
0.00052018
0.00029138
0.00040334
0.00024048
0.00031519
0.0003081
0.00040092
0.00042773
0.00056016
0.00098097
0.0011789
0.0017604
0.0016909
0.00052888
0.00043837
0.00051227
0.00067352
0.00091336
0.00085169
0.00076789
0.00088285
0.00052828
0.00066185
0.00037386
0.00022053
0.00027357
0.00032481
0.00027157
0.00031089
0.00042219
0.00026294
0.00047537
0.00054411
0.0003802
0.00044685
0.00041972
0.00046411
0.00068851
0.00061094
0.00069035
0.00056445
0.00077847
0.00069036
0.00080239
0.00085932
0.0013425
0.0011584
0.0013204
0.00066805
0.00049413
0.00040479
0.00039488
0.00042249
0.00029096
0.00031022
0.00069389
0.00067781
0.00099335
0.0011521
0.001227
0.00096498
0.00073457
0.00043792
0.00045539
0.00054967
0.00048951
0.0005658
0.00083708
0.00053173
0.0005101
0.00052873
0.00045903
0.00035829
0.00044393
0.00026188
0.0003623
0.00035075
0.00047758
0.00024149
0.0003061
0.00038993
0.00022777
0.00024722
0.00037706
0.00055623
0.00053382
0.00047115
0.00043635
0.00059076
0.00075311
0.00088354
0.00060204
0.00081902
0.00090206
0.0013067
0.00085803
0.0008963
0.0008801
0.000787
0.00066155
0.00049525
0.0003021
0.00052209
0.00058728
0.00068073
0.0011431
0.00099563
0.0012976
0.00099987
0.00078595
0.00053733
0.00037771
0.0004482
0.00044132
0.00040498
0.00048006
0.00038015
0.00064205
0.00069229
0.00070692
0.00077056
0.0004311
0.00039628
0.00046865
0.00038483
0.00047904
0.00047652
0.00027728
0.00024483
0.00027405
0.00027126
0.00030234
0.00041966
0.00035474
0.00034579
0.00023318
0.00032456
0.0005747
0.00042227
0.00058563
0.00075497
0.00092685
0.0013191
0.00068968
0.00095271
0.0012147
0.00089731
0.00094031
0.00061556
0.0003875
0.00053875
0.00060752
0.00075051
0.0010182
0.001045
0.0010311
0.0008879
0.00073769
0.00053601
0.00055485
0.00048638
0.00042877
0.00041869
0.00028418
0.00024808
0.00049304
0.00078223
0.00072383
0.00082819
0.00080873
0.0005399
0.00040531
0.00057299
0.00065635
0.00036181
0.00024895
0.0001875
0.0001957
0.0003288
0.0003058
0.00036097
0.00039009
0.0003582
0.00026537
0.00044822
0.00054842
0.00090608
0.00085756
0.0009258
0.00099445
0.00082196
0.00086025
0.00090653
0.00088469
0.00074484
0.00080398
0.00061822
0.00067981
0.00066098
0.00057574
0.00089693
0.0011592
0.00082053
0.00067286
0.00053466
0.00051624
0.0005573
0.00043226
0.00026918
0.00034583
0.00035714
0.00033182
0.00040314
0.00072142
0.0010041
0.00064225
0.00079378
0.00072129
0.00055062
0.00043263
0.00092829
0.0010733
0.00027536
0.00023728
0.00013074
0.00022311
0.00033456
0.00031828
0.00043187
0.00042058
0.00037438
0.00038839
0.00037124
0.00058284
0.00090465
0.0010879
0.00077498
0.00099357
0.00087139
0.0010659
0.00064468
0.00073051
0.00058607
0.00053221
0.00054924
0.00042439
0.00056978
0.00077405
0.0012071
0.00087456
0.00095436
0.00075872
0.00069348
0.00050642
0.00047474
0.00057639
0.00039139
0.00031929
0.00032064
0.00028133
0.00050599
0.00062702
0.00060703
0.00049868
0.00054664
0.00068254
0.00085376
0.00066455
0.0010166
0.00099318
0.00030237
0.00023714
0.00031727
0.0002602
0.00032373
0.00034211
0.00032146
0.00032737
0.00036701
0.00035328
0.00037527
0.00048486
0.00075241
0.00069941
0.00056231
0.00074712
0.00085818
0.00054559
0.00083869
0.00040082
0.00052865
0.00062176
0.00042688
0.00046229
0.00057144
0.00061481
0.00076983
0.00080588
0.0007509
0.00059001
0.00034345
0.00036073
0.00031716
0.00051241
0.00063971
0.00052739
0.00033089
0.00058967
0.00070353
0.00065333
0.00052843
0.00036905
0.00036537
0.00084647
0.00099397
0.00071197
0.00084745
0.00060685
0.00043076
0.00041712
0.00033253
0.00033344
0.00031389
0.00043498
0.0004433
0.00060295
0.0006437
0.00056241
0.0005468
0.00086608
0.0010017
0.00090708
0.00052964
0.00068955
0.00083985
0.00050837
0.00049651
0.00044988
0.00038963
0.00062286
0.00045935
0.00039225
0.00055069
0.00045227
0.0004768
0.00052272
0.00063843
0.0006978
0.00075553
0.00046499
0.0002925
0.00038255
0.00041636
0.00060449
0.00052129
0.00055807
0.00062884
0.00035104
0.00036063
0.00032711
0.00042087
0.0008139
0.0006639
0.00065149
0.00092897
0.00093906
0.00035111
0.00048018
0.00038364
0.00029465
0.00035402
0.00063291
0.00066427
0.00074256
0.00063201
0.00085642
0.0010505
0.0012988
0.00097573
0.0012061
0.00077136
0.00084671
0.00082573
0.00080225
0.00070784
0.00060176
0.00040434
0.00050552
0.00062868
0.00058893
0.00048077
0.00060259
0.00043918
0.0005746
0.00075085
0.00064825
0.00085264
0.00040579
0.00052263
0.00040397
0.00042412
0.00051547
0.00059977
0.00059206
0.00049396
0.00035971
0.00048025
0.00046433
0.00060894
0.00054054
0.00054696
0.00058103
0.00093612
0.0004828
0.00023317
0.00043293
0.00045298
0.00054338
0.00039637
0.00046456
0.00064595
0.00091665
0.0011683
0.00099088
0.0013255
0.0011968
0.0010092
0.00093129
0.00066674
0.0011538
0.00094337
0.00089819
0.00095669
0.00067932
0.00056265
0.00046158
0.00057816
0.00052543
0.00058473
0.00053578
0.00059461
0.00055076
0.00046572
0.00048254
0.00067769
0.00054413
0.00041969
0.00039669
0.00030386
0.00034825
0.00068644
0.00048372
0.00034864
0.00030525
0.0003407
0.00050429
0.00054379
0.00050702
0.00078796
0.00091071
0.00079537
0.00061469
0.00039771
0.00054713
0.00046849
0.00054587
0.00044196
0.00046642
0.00054449
0.00073064
0.0013471
0.0013436
0.0014934
0.0011285
0.00089592
0.00068814
0.00079802
0.00099061
0.0012853
0.0018352
0.001347
0.0011258
0.00067563
0.00043188
0.00057276
0.00072599
0.00043764
0.00044258
0.00040072
0.0004906
0.00040914
0.00047002
0.00060993
0.00087353
0.00061632
0.0005012
0.00040132
0.00040356
0.00057855
0.0005069
0.00034556
0.00039614
0.00039752
0.00045279
0.0005916
0.00073135
0.00078088
0.0011485
0.00080804
0.00086306
0.00023636
0.0002967
0.00043148
0.00053108
0.00066712
0.00040976
0.00079524
0.0014528
0.0013211
0.0014125
0.0013361
0.00074688
0.00051567
0.00057099
0.00061191
0.0009952
0.0014687
0.0020765
0.00094806
0.00098847
0.00069181
0.00059274
0.00049248
0.00041601
0.00043623
0.00060758
0.00033334
0.00042286
0.0003488
0.00060305
0.00076332
0.00070287
0.00072208
0.00050016
0.00044684
0.00039154
0.00042752
0.00057269
0.00037114
0.00030055
0.00044506
0.00046641
0.0005941
0.00079392
0.0016225
0.0018235
0.0013985
0.00076895
0.00032658
0.00034781
0.00037906
0.00054246
0.00056763
0.00061836
0.00076947
0.0010295
0.0012037
0.0012824
0.00098835
0.00086628
0.00060973
0.00039024
0.00089106
0.0010582
0.0015815
0.0023253
0.0010841
0.0010823
0.0011181
0.00057982
0.00048409
0.00031574
0.00033305
0.00043958
0.00061116
0.00026543
0.00031471
0.00046887
0.00051451
0.00072043
0.00050166
0.00057647
0.00050185
0.00043132
0.00037605
0.00036009
0.0004089
0.00031297
0.0004145
0.00075155
0.00078228
0.00095513
0.0011148
0.0019845
0.0013725
0.0011675
0.00032311
0.00038056
0.000437
0.00064164
0.00068718
0.00076563
0.00059106
0.0010333
0.0013151
0.0009196
0.00077134
0.00075182
0.00045543
0.0004047
0.0006155
0.00053183
0.00099329
0.0019656
0.0016673
0.0013374
0.0010852
0.00077038
0.00049776
0.00025807
0.00023728
0.00038201
0.00028601
0.00031298
0.00018726
0.00025238
0.00033614
0.00037732
0.00052988
0.00048188
0.00043166
0.00037967
0.00043154
0.00038722
0.00040595
0.0003278
0.00042058
0.00095571
0.0011389
0.0016466
0.0015799
0.0024233
0.0019753
0.0016422
0.00033303
0.0003405
0.00046089
0.00046322
0.00097761
0.00080889
0.00075162
0.00098578
0.0012303
0.000912
0.00066382
0.00060816
0.0004778
0.00056222
0.00059394
0.00054234
0.00092374
0.0012561
0.00141
0.0011103
0.0008952
0.00051406
0.00044806
0.0002666
0.00037191
0.00031467
0.00023281
0.00025183
0.00016907
0.00016041
0.00016926
0.00029196
0.00044185
0.00063002
0.00042918
0.00035731
0.00037515
0.00049957
0.00033281
0.0003812
0.00049314
0.00088707
0.0014332
0.0018211
0.0032939
0.0034465
0.0019415
0.0020529
0.00020235
0.00024737
0.00039225
0.0006991
0.00064578
0.00078908
0.00072823
0.00065672
0.00087658
0.0011254
0.00072422
0.00061373
0.00070497
0.00064058
0.0005015
0.00051841
0.00085436
0.00071933
0.00079047
0.00097103
0.0010813
0.00061603
0.00045511
0.00045748
0.00028923
0.00031523
0.00023984
0.00019954
0.00012536
0.00016248
0.00011115
0.00018654
0.00030661
0.00024095
0.00036314
0.00036684
0.00025819
0.00055116
0.00037409
0.00039445
0.00051664
0.00078991
0.0015565
0.0018517
0.0019124
0.0022347
0.0020828
0.0016557
0.00031392
0.00030303
0.00039683
0.00032868
0.00049046
0.00048532
0.00067104
0.00063228
0.00054537
0.00074485
0.00062915
0.00084623
0.00045532
0.00028544
0.0003677
0.00056777
0.00059294
0.00051744
0.00070936
0.00097848
0.00093803
0.0010528
0.00081069
0.0007106
0.00058538
0.00046724
0.00033461
0.00021068
0.00010389
0.00016383
0.0001633
0.00020887
0.00024772
0.00028804
0.00042328
0.00026715
0.00049598
0.00031121
0.00030566
0.00047003
0.00051054
0.00072176
0.0010935
0.0009769
0.00087382
0.0010541
0.0014854
0.0012593
0.0003087
0.0003382
0.00054854
0.00034384
0.00033973
0.00038687
0.00050165
0.00059976
0.00078038
0.0005601
0.00076351
0.00066949
0.00044524
0.00031606
0.00024515
0.0003018
0.00037842
0.00042176
0.0005975
0.00075209
0.0011947
0.0010148
0.00098235
0.00083181
0.00093748
0.00059084
0.00062426
0.0005373
0.00021297
0.00015894
0.00029631
0.00026766
0.0003784
0.00050554
0.00031922
0.00038954
0.00032631
0.0006796
0.00047037
0.00060394
0.00067045
0.00064552
0.00064705
0.00068378
0.00066865
0.00060321
0.00095007
0.00051376
0.00036009
0.00042
0.00051329
0.00041556
0.00041573
0.00031236
0.00032823
0.00052187
0.00040602
0.00035535
0.00040266
0.00051099
0.00056324
0.00049205
0.00045424
0.00022696
0.00040558
0.00039715
0.00046696
0.0005948
0.00077109
0.00067281
0.00065349
0.00062603
0.00084843
0.0007455
0.00038136
0.00066502
0.00034723
0.00030117
0.00039685
0.00033713
0.00049886
0.00060462
0.0005762
0.00040185
0.00030437
0.00036827
0.00039134
0.0004478
0.0006807
0.00079745
0.00075029
0.0007071
0.00031969
0.00047142
0.00037064
0.00043715
0.00036093
0.00038245
0.0004429
0.00061679
0.00042812
0.0004483
0.00042525
0.00035941
0.00033937
0.00027268
0.00030339
0.00037
0.0005239
0.00061823
0.00054724
0.00047644
0.00034362
0.00037318
0.00075455
0.0009838
0.00071544
0.00071672
0.00071801
0.00083304
0.0008239
0.00053112
0.00044995
0.00049705
0.00057389
0.00042154
0.00055439
0.00051299
0.00079978
0.00046594
0.00053118
0.00027182
0.00022343
0.00029575
0.000323
0.00071462
0.0011707
0.00077659
0.00057868
0.00043439
0.00020197
0.00019168
0.00032898
0.00039499
0.0003271
0.00029309
0.00037162
0.0004559
0.00036269
0.00069229
0.00039799
0.00037468
0.00035604
0.00025308
0.00028403
0.000516
0.00051379
0.00053914
0.00064576
0.00072686
0.00050571
0.00058408
0.00056506
0.0006802
0.00066355
0.00096854
0.00073675
0.00067374
0.00068015
0.00031613
0.00047903
0.00030553
0.00056152
0.00056687
0.00050612
0.0005537
0.00058533
0.00069083
0.00047982
0.00020719
0.0002046
0.00031226
0.00051357
0.00061289
0.00075629
0.0006841
0.00081597
0.00039557
0.00017615
0.00018855
0.00024812
0.00034841
0.00041425
0.00028334
0.00029287
0.00042981
0.00038691
0.00057564
0.00049997
0.00077227
0.00051841
0.00043185
0.00039711
0.00042466
0.00056893
0.00061216
0.00047116
0.00050146
0.00074722
0.00049331
0.00043951
0.00082177
0.00087649
0.00067102
0.00049074
0.00046763
0.00056541
0.00052338
0.00041954
0.00036435
0.00062085
0.00060107
0.00068433
0.00068131
0.0007026
0.00050724
0.00035615
0.00043975
0.00031298
0.00032527
0.00054123
0.00068055
0.00061919
0.00070521
0.00074977
0.00036148
0.00024417
0.00019857
0.00024947
0.00032961
0.00031825
0.00034212
0.00039654
0.00022856
0.00059274
0.00085538
0.00094039
0.0013106
0.00075689
0.00062493
0.00037098
0.00041468
0.00038118
0.0004844
0.00058288
0.00078688
0.00060187
0.00062017
0.00051636
0.00089052
0.0007163
0.00049733
0.00037249
0.00039007
0.00074782
0.00064943
0.00053343
0.00057734
0.00067219
0.00064702
0.00071168
0.00078297
0.00058609
0.00066024
0.00054721
0.00069468
0.00079209
0.00056581
0.00060229
0.00063264
0.00073653
0.00056654
0.00057758
0.00042438
0.00030796
0.00031284
0.00028846
0.00034436
0.0006956
0.00047906
0.00036166
0.00038042
0.0004639
0.00093916
0.0009107
0.0012483
0.0012343
0.00085815
0.0006219
0.00036177
0.00042396
0.00040409
0.00038819
0.00053725
0.00063693
0.00055765
0.00073734
0.00056047
0.00055244
0.0006601
0.00041455
0.0004283
0.00061056
0.00075506
0.00064066
0.00048245
0.00059449
0.00082205
0.00063717
0.00054165
0.00058886
0.00068983
0.00077238
0.00071715
0.0011738
0.00083644
0.0010186
0.0006976
0.00062692
0.00058865
0.00063302
0.00032722
0.00040816
0.00054011
0.00038814
0.00034572
0.00062178
0.00041633
0.00058593
0.0004332
0.00081774
0.00072803
0.0011306
0.0012357
0.0011925
0.0008943
0.00076983
0.00053147
0.00047025
0.00049254
0.00029215
0.00056096
0.00049595
0.00040887
0.00033924
0.00044701
0.00061191
0.00067563
0.00048774
0.00049462
0.00067573
0.00068895
0.001016
0.000572
0.00062382
0.00072534
0.00084291
0.00048675
0.00047971
0.00045646
0.00052882
0.00066096
0.00077754
0.00063071
0.00056735
0.00084691
0.00068524
0.00063912
0.00044417
0.0004272
0.00038365
0.00045881
0.00056136
0.00038064
0.00047936
0.00056082
0.00080708
0.00083151
0.0009004
0.0008599
0.0012204
0.001288
0.00065168
0.00063628
0.00076787
0.00064667
0.00067013
0.00057375
0.00046269
0.00058669
0.00061164
0.00064465
0.00043664
0.00044684
0.00044429
0.000543
0.00055626
0.0007982
0.00071418
0.00064899
0.00053856
0.00078896
0.00059737
0.00045617
0.00049664
0.00053107
0.00043073
0.0002545
0.00034915
0.00050767
0.00069613
0.000594
0.00043875
0.00051981
0.00049964
0.00056393
0.00060437
0.00060564
0.0007734
0.00053538
0.00067763
0.00072425
0.00061408
0.00043379
0.00056892
0.00070039
0.00064503
0.0011483
0.0015078
0.0016954
0.00070023
0.0006108
0.00087214
0.00076219
0.00079519
0.00064201
0.00057917
0.00075139
0.00058882
0.00058374
0.00043293
0.00032721
0.00051849
0.00040297
0.00077254
0.00074212
0.00064746
0.00091811
0.00094945
0.0010304
0.00080692
0.00048514
0.00047696
0.00050552
0.00047636
0.00032846
0.00036202
0.00039171
0.00046334
0.00073244
0.00060263
0.00048457
0.00049725
0.00053884
0.00062503
0.00048445
0.00066145
0.0011966
0.0010397
0.00084885
0.00043816
0.00033752
0.00036111
0.00058999
0.00064747
0.0008773
0.00108
0.00094734
0.00065501
0.00051849
0.00059906
0.00073407
0.00074664
0.0010287
0.00088164
0.00059734
0.00041275
0.00037287
0.00030484
0.00017191
0.00031574
0.00044662
0.00043732
0.0006558
0.00055832
0.00057841
0.00075631
0.0012039
0.00062292
0.00045186
0.00042833
0.00061426
0.00060536
0.00028647
0.0002914
0.00031363
0.00040409
0.00059353
0.0005373
0.00069565
0.00044476
0.00041213
0.00036123
0.00045941
0.00079338
0.00083712
0.001222
0.0011576
0.00045495
0.00064533
0.0007521
0.00065717
0.00084654
0.0010879
0.00094417
0.00063051
0.00070081
0.0004663
0.00056645
0.00082032
0.00085027
0.00075366
0.0006585
0.00068196
0.00043764
0.00033395
0.00026965
0.0002809
0.00036784
0.00035038
0.00032626
0.00049429
0.00053126
0.00041678
0.00074551
0.00081673
0.00091618
0.00047909
0.00089242
0.00058765
0.00057185
0.00046058
0.00031297
0.00047749
0.00041673
0.00062634
0.00068374
0.00070267
0.00070138
0.00032031
0.00038166
0.00069174
0.00087051
0.0012605
0.001141
0.0016615
0.00049509
0.00060594
0.00065443
0.00073197
0.0012754
0.0012455
0.0013654
0.00075716
0.00089615
0.00067559
0.00069609
0.00071769
0.00042971
0.00052329
0.00059565
0.00055431
0.00039117
0.00033026
0.00024933
0.00031808
0.00032172
0.00028202
0.00024936
0.00034082
0.00029767
0.00032388
0.00093748
0.0007592
0.00077326
0.00066355
0.00080088
0.00075288
0.00079514
0.00047046
0.00056141
0.00031773
0.00035239
0.00061293
0.00061426
0.00051858
0.0005741
0.00045627
0.00063113
0.0007274
0.0011936
0.0016171
0.0014865
0.0017323
0.00041256
0.00060696
0.00047364
0.00064425
0.0010661
0.0011198
0.00095535
0.00073745
0.00091408
0.00065455
0.00066777
0.00061668
0.00041919
0.00044625
0.00062738
0.00044948
0.00027993
0.00041379
0.00040185
0.00031377
0.00023133
0.00021365
0.0002233
0.00028737
0.00020101
0.00049522
0.00048791
0.00066788
0.00052445
0.00055713
0.00079926
0.001068
0.00086123
0.00045728
0.00038939
0.00030561
0.0004576
0.00080009
0.00059921
0.00044932
0.00046577
0.00047303
0.00067611
0.0012843
0.0015807
0.0016087
0.0021472
0.001737
0.00041211
0.00044802
0.0005137
0.00050141
0.0007507
0.00076593
0.00082175
0.00081688
0.00075582
0.00053415
0.00045957
0.0003843
0.00051584
0.00042939
0.00055391
0.00034689
0.00028981
0.00033037
0.00039178
0.00029614
0.00024758
0.00022222
0.00020162
0.00042166
0.00042868
0.00062513
0.00057188
0.00046768
0.00053727
0.00073558
0.0008394
0.0010445
0.00081271
0.00084478
0.00053005
0.00044898
0.0005554
0.00081768
0.00048412
0.0005648
0.00048252
0.00056037
0.00080572
0.0016932
0.0012925
0.0011824
0.0012932
0.00079782
0.00053786
0.00041689
0.00046737
0.00050141
0.00064267
0.00048845
0.00061985
0.00080797
0.0007412
0.00065669
0.00067559
0.00067365
0.0003917
0.00038569
0.00050809
0.00030844
0.0002934
0.00050685
0.00040689
0.00040632
0.00039915
0.00027623
0.00030524
0.00037881
0.00078095
0.00082112
0.0006304
0.00086082
0.000896
0.0009549
0.00097099
0.00099412
0.00063878
0.00054014
0.00060626
0.00056801
0.00055621
0.00071181
0.00064711
0.00064379
0.00081696
0.00078124
0.00083685
0.0008159
0.001004
0.00072769
0.00053542
0.0004599
0.00062907
0.00048646
0.00036162
0.00035973
0.00036051
0.0003957
0.00063322
0.00063777
0.00090986
0.00071284
0.00047674
0.00057033
0.00060133
0.00066346
0.00056926
0.00035908
0.00024634
0.00036475
0.00067201
0.00067174
0.00052094
0.00064745
0.00045748
0.00066141
0.00086193
0.00069357
0.00072628
0.00067358
0.00094375
0.0012836
0.0012161
0.00075163
0.00080894
0.00072737
0.00073047
0.00077952
0.00064838
0.00079609
0.00067839
0.00061262
0.00059201
0.00071604
0.00041684
0.0004767
0.000361
0.00044827
0.00029513
0.00037598
0.00068463
0.00057794
0.0003439
0.00048494
0.00031807
0.00042511
0.00039483
0.00045853
0.00048989
0.00047752
0.00056351
0.00081871
0.00087756
0.0010634
0.00095682
0.0008112
0.00046063
0.00075098
0.00067583
0.00046469
0.00043665
0.00055458
0.00042082
0.00053492
0.001005
0.0011171
0.0011554
0.0011535
0.001384
0.0017393
0.0011206
0.00093177
0.0011202
0.00087811
0.00061636
0.00086137
0.00089765
0.00096882
0.00061998
0.00059109
0.00061259
0.000546
0.00040603
0.00029193
0.00028123
0.00022197
0.00028543
0.00029008
0.00068889
0.00057819
0.0005679
0.00038626
0.00029964
0.0003919
0.00037051
0.00043992
0.00043636
0.00074174
0.00091043
0.0011633
0.0010137
0.00090209
0.00074623
0.00067437
0.00056898
0.00066398
0.00056511
0.00031638
0.00035828
0.00051307
0.00046635
0.0011364
0.0011146
0.0013891
0.0011856
0.0016085
0.0011877
0.0011531
0.0013554
0.0010967
0.0010849
0.0010616
0.00070967
0.0006742
0.00089023
0.00080526
0.00086868
0.00067873
0.00056929
0.00048834
0.00033182
0.00027402
0.00021305
0.00019774
0.00041599
0.00033464
0.00053306
0.00035535
0.00044026
0.00043952
0.00034272
0.000429
0.00053523
0.00061721
0.00064201
0.00057994
0.00079576
0.001182
0.0014633
0.0011245
0.00076181
0.00087062
0.00078744
0.00060967
0.00065659
0.00058643
0.00063565
0.00049785
0.00047205
0.00064649
0.0012415
0.0016983
0.0013441
0.0013749
0.00089068
0.00075123
0.00098661
0.00086831
0.00097926
0.00079798
0.00087381
0.0011102
0.00084918
0.00085973
0.0011504
0.00071047
0.0007048
0.00092296
0.00033043
0.00037905
0.00022176
0.0002587
0.0002598
0.00036231
0.0004584
0.00053161
0.0004061
0.000437
0.00032908
0.00041772
0.00068098
0.00079242
0.00072157
0.00064731
0.0011667
0.0014513
0.0010404
0.0012694
0.0010654
0.0007031
0.00077726
0.00084879
0.0010516
0.00072071
0.00068339
0.00045255
0.00038347
0.00057517
0.00097549
0.0021047
0.0010334
0.00082539
0.00067624
0.00035399
0.00095428
0.00084421
0.00073261
0.00085137
0.00094842
0.0012725
0.0012208
0.00066774
0.0013996
0.00095915
0.0011925
0.000928
0.00048067
0.00044407
0.00038934
0.00054493
0.00036763
0.00046476
0.00067125
0.00051804
0.00039676
0.0003666
0.00035596
0.00035375
0.00047928
0.00061339
0.00077446
0.0011237
0.0015177
0.0013847
0.0012366
0.00087635
0.00077185
0.00071923
0.00065467
0.00057647
0.00087351
0.00067767
0.00059453
0.00062844
0.00053454
0.000481
0.0012457
0.0014832
0.00083791
0.00074827
0.00063512
0.00070974
0.00076815
0.00062963
0.00088429
0.00052449
0.00044553
0.00065897
0.001059
0.00073204
0.00081299
0.0015185
0.00094791
0.0012222
0.00084411
0.00049944
0.00038629
0.00065716
0.00052495
0.00070768
0.00052999
0.00041074
0.00044379
0.00043308
0.00034259
0.00027601
0.00034375
0.00063032
0.0012704
0.0019156
0.0020203
0.001384
0.00095889
0.00063663
0.00067003
0.00077912
0.00067742
0.00051459
0.00064253
0.00069284
0.00092263
0.00089241
0.0005751
0.0007344
0.0010469
0.0014072
0.0010718
0.0009808
0.00063041
0.00054425
0.00046548
0.00046854
0.00040021
0.00044277
0.00064575
0.00060112
0.00084139
0.0005822
0.0005824
0.00089784
0.00099669
0.0015162
0.0011766
0.000524
0.00057998
0.00078208
0.0006518
0.00046374
0.00041538
0.00041566
0.00039116
0.00036869
0.00032427
0.00020642
0.00035331
0.00083275
0.00074284
0.00096778
0.00097528
0.00081293
0.0012045
0.00046175
0.00063836
0.00074281
0.00077261
0.00095904
0.00075914
0.00080588
0.00086323
0.0012315
0.00093386
0.00067078
0.00075803
0.0012201
0.00098242
0.00079551
0.00041536
0.00066441
0.00054283
0.00036204
0.00025854
0.00030702
0.00042258
0.00034687
0.00049852
0.00059014
0.000597
0.0011471
0.0012122
0.0012602
0.0012637
0.00061751
0.00051364
0.00052628
0.00043764
0.00027636
0.000693
0.00036819
0.00038296
0.00030861
0.00032604
0.00029527
0.00034529
0.00056245
0.0006646
0.00056112
0.00072455
0.0011097
0.00075416
0.0010218
0.00053572
0.00054329
0.00069963
0.00075472
0.00097747
0.00077117
0.0009289
0.00098269
0.00087998
0.00077289
0.00089358
0.0010206
0.0015275
0.00094358
0.00064012
0.00061422
0.00039572
0.00025604
0.00038973
0.00026668
0.0003735
0.00043008
0.0007263
0.0010022
0.00078444
0.0010011
0.00097407
0.0011256
0.0010267
0.00058025
0.0007078
0.00040597
0.00042126
0.00023751
0.0010032
0.0005844
0.00044882
0.00032664
0.0003946
0.00051023
0.00034291
0.00052718
0.00043502
0.00051075
0.00044238
0.00062889
0.000804
0.00094468
0.0006247
0.00065189
0.00042952
0.00044369
0.00058356
0.00068669
0.00074221
0.00056651
0.00073646
0.00079249
0.0011048
0.0012178
0.00088999
0.00079125
0.00069143
0.00044556
0.00038713
0.0002251
0.0002934
0.00039991
0.00041367
0.00052632
0.00060205
0.00067466
0.00085218
0.00075969
0.00061958
0.00095227
0.00081542
0.00052418
0.00042094
0.0003164
0.0005738
0.00052611
0.0013627
0.00090061
0.00084612
0.00062068
0.00044031
0.00047009
0.00045963
0.00030603
0.00035712
0.00034881
0.00052948
0.00066431
0.000481
0.00048586
0.00055049
0.00056156
0.0004874
0.00050501
0.00058652
0.00042453
0.00043236
0.00044411
0.00063232
0.00058723
0.00069979
0.00093007
0.00080876
0.0009419
0.0005595
0.00048876
0.00031435
0.00037512
0.00037193
0.00058416
0.00046827
0.00062548
0.00078044
0.00064587
0.00056752
0.00084897
0.00095475
0.00092101
0.00080598
0.00041209
0.00026983
0.00037096
0.00050667
0.00086817
0.0019789
0.0012115
0.00094871
0.00057266
0.00045231
0.00049685
0.00044052
0.00039803
0.00025789
0.00030634
0.00037243
0.00038631
0.00043969
0.00040719
0.00035552
0.00034316
0.00032019
0.0003858
0.00051462
0.00027234
0.00040844
0.00060027
0.00069576
0.00041691
0.00072983
0.00060172
0.00078087
0.00094811
0.00070745
0.00043998
0.00045579
0.00057434
0.00036746
0.00058336
0.00065213
0.0006683
0.00083723
0.00078877
0.0010068
0.00088769
0.00097399
0.00087433
0.00077783
0.00032585
0.00032848
0.00035946
0.00053743
0.00097784
0.0021157
0.0012738
0.001107
0.00067631
0.00059658
0.00063458
0.00063131
0.00049534
0.00034182
0.00030033
0.0002964
0.00033616
0.00031672
0.00038499
0.00038222
0.0003279
0.00024113
0.0004724
0.00055103
0.00038251
0.00023767
0.00032771
0.00050422
0.00034495
0.00040117
0.00052904
0.00074747
0.00061455
0.0006988
0.00048311
0.00067689
0.00049934
0.00049129
0.00090243
0.00094534
0.0010211
0.00084201
0.00093143
0.0011327
0.00097141
0.0012054
0.00088144
0.00078498
0.0005209
0.00036617
0.00038881
0.00036904
0.00068756
0.0011047
0.0011379
0.00070937
0.00097793
0.00088559
0.00064486
0.00060541
0.00066495
0.00058686
0.00040127
0.00030668
0.00026897
0.00034514
0.00027893
0.00032862
0.00018974
0.00020493
0.00025119
0.00039748
0.00022562
0.00025413
0.00049284
0.00044822
0.00054126
0.00051904
0.00045961
0.00043328
0.00045561
0.00074271
0.00065037
0.0005142
0.00060837
0.00044519
0.00066505
0.0011026
0.0011302
0.00074861
0.000601
0.00086494
0.00089738
0.00077436
0.0007718
0.00055319
0.00041283
0.00056912
0.00039964
0.0003885
0.00053068
0.00085601
0.0007743
0.00047916
0.00054563
0.00038497
0.00039993
0.00046451
0.00053818
0.00045329
0.00052409
0.00038601
0.00033794
0.00046005
0.00036244
0.00031244
0.00024522
0.00031645
0.00033761
0.00034879
0.00035144
0.00027704
0.00043643
0.00062453
0.00035772
0.00065949
0.00048687
0.0004889
0.00053854
0.00048698
0.00061739
0.00065776
0.00062839
0.00034708
0.00063721
0.001094
0.00091261
0.0010884
0.0007842
0.00082473
0.00061127
0.00053342
0.00032754
0.00039634
0.00028342
0.00027295
0.00036879
0.00061124
0.00054804
0.0007388
0.00053099
0.00049158
0.00035555
0.00028854
0.00024718
0.0002467
0.00041696
0.00050959
0.00057834
0.00051003
0.00049059
0.00048405
0.00036757
0.00025622
0.00030841
0.00021546
0.00023803
0.00040033
0.00039857
0.00052353
0.00068048
0.00056326
0.00056171
0.00072378
0.00064999
0.00049446
0.00046819
0.00057223
0.00062497
0.00061345
0.00062428
0.00036441
0.00040249
0.00069008
0.00058189
0.00068843
0.00076508
0.00041261
0.00038253
0.00031797
0.00021969
0.00029113
0.00027703
0.00030729
0.00031036
0.00044672
0.00067316
0.00065993
0.00059214
0.00039313
0.00035131
0.00024783
0.00028653
0.00036543
0.00048085
0.00063376
0.00064651
0.0007058
0.00060792
0.0004229
0.0003018
0.00023864
0.00023181
0.00029478
0.00030016
0.00047357
0.00036823
0.0004827
0.00073534
0.00051692
0.00064047
0.0003852
0.00042507
0.00041093
0.00050678
0.00052766
0.00048284
0.00050291
0.0005032
0.00032863
0.00033902
0.00047789
0.00046189
0.00064033
0.00048791
0.00040467
0.00040974
0.00042937
0.00028822
0.00021728
0.00036727
0.00036987
0.00050422
0.00056876
0.00074576
0.00064057
0.00080267
0.00071359
0.00041287
0.00025
0.00029774
0.00026445
0.00047393
0.00072535
0.00073653
0.00090819
0.00071869
0.00050102
0.00049737
0.00026398
0.00022049
0.00023943
0.0002554
0.0003745
0.00043577
0.00048935
0.00047818
0.00055949
0.00064303
0.00057425
0.00046932
0.0004058
0.00054681
0.00047589
0.0005494
0.00062513
0.00052171
0.00035852
0.0004944
0.00047611
0.00063677
0.00033163
0.0004561
0.00051015
0.00055902
0.00049537
0.00031626
0.00032298
0.00047143
0.00048427
0.00071647
0.0010997
0.00095765
0.00070341
0.00079195
0.00081129
0.00060672
0.00040091
0.00030469
0.00026159
0.00030323
0.00060241
0.00052178
0.00079496
0.00069909
0.00056703
0.00043992
0.00044477
0.00032252
0.00043259
0.00038165
0.00049047
0.00073328
0.00069699
0.00067661
0.00062462
0.00072504
0.00046073
0.00061463
0.0005637
0.00070311
0.00038875
0.00047366
0.00098326
0.00067771
0.0006784
0.00056129
0.00040226
0.00049067
0.00040458
0.00029863
0.00060341
0.00064019
0.00040638
0.00036346
0.00036701
0.00039729
0.00063462
0.00086509
0.0012336
0.0014239
0.00054526
0.00069141
0.00095065
0.00054417
0.00075616
0.00058445
0.0004665
0.00041739
0.00045052
0.00057289
0.00060513
0.00052049
0.00069806
0.00057631
0.00042474
0.00027254
0.00033479
0.00038175
0.00040318
0.000468
0.00066524
0.00060367
0.00074869
0.00053055
0.00061011
0.00064265
0.00084945
0.00054862
0.00043965
0.00061272
0.00073097
0.00072167
0.00063514
0.00078132
0.00086656
0.00098764
0.00033685
0.00033481
0.0004537
0.0007163
0.00055913
0.00060204
0.00055352
0.00047862
0.00056051
0.00068216
0.00098324
0.00097063
0.00050714
0.00055813
0.00070719
0.00049518
0.00064638
0.00051557
0.00059279
0.00049325
0.00057637
0.00067822
0.00070955
0.00074476
0.00077119
0.00041777
0.00039944
0.00033372
0.00028896
0.00034692
0.00051959
0.00041183
0.00066259
0.00059249
0.00078545
0.00067182
0.00074747
0.00061518
0.00084308
0.00068225
0.00066166
0.00050316
0.00059071
0.00060387
0.0010846
0.0011893
0.00096077
0.0011772
0.00052138
0.00034249
0.00074648
0.00090917
0.00070857
0.0013405
0.0006479
0.00043195
0.00048226
0.00075257
0.00095547
0.00071932
0.00046729
0.00040181
0.00060812
0.00050164
0.00064053
0.00072223
0.00056222
0.00063664
0.00047687
0.00057291
0.00072968
0.00089131
0.00066909
0.00039519
0.00034329
0.00027118
0.00044419
0.0005084
0.00059462
0.00046443
0.00066025
0.00092623
0.00065245
0.00052067
0.00043299
0.0007144
0.00066928
0.0007782
0.00074434
0.00060472
0.00065551
0.00079902
0.0012072
0.0010078
0.0011782
0.00085374
0.00064035
0.00044094
0.0010845
0.00075138
0.0009141
0.0011786
0.00058024
0.00061018
0.00085185
0.00066993
0.00075198
0.00094723
0.00032855
0.00068448
0.0012047
0.00078682
0.0011459
0.00083322
0.0014204
0.00068291
0.00058004
0.00087593
0.0010507
0.00070214
0.00058544
0.00050521
0.00027962
0.00041845
0.00039109
0.00061
0.00086575
0.00062195
0.00085679
0.00092799
0.0011331
0.00078292
0.00083139
0.00070335
0.00049717
0.00044851
0.00041161
0.00057297
0.00047438
0.00075245
0.00076986
0.0013131
0.00097328
0.00068221
0.00069846
0.00045558
0.00066131
0.0011119
0.00084247
0.00060396
0.00081941
0.00072726
0.00066631
0.00098587
0.0010244
0.00082379
0.00032043
0.00058742
0.0010438
0.0015064
0.0014282
0.0011002
0.001397
0.00071046
0.00074961
0.00076797
0.00082901
0.00060962
0.00040056
0.0005625
0.00018935
0.00026535
0.0002723
0.00044008
0.00061004
0.00060992
0.00080823
0.00088752
0.0012262
0.0011883
0.00067587
0.00070781
0.00025315
0.00018333
0.00031948
0.00032939
0.00032024
0.00044613
0.00069484
0.0011036
0.00077574
0.00064233
0.00049945
0.00055797
0.00078424
0.00072863
0.00050691
0.00056662
0.00066982
0.0005251
0.0006307
0.00080198
0.00083236
0.0010359
0.0004303
0.00055951
0.00069391
0.0018709
0.0015731
0.0016389
0.00169
0.001328
0.0011236
0.0012997
0.00068912
0.00050519
0.00066656
0.00042223
0.00025278
0.00030301
0.00041701
0.00041669
0.00056827
0.0011048
0.0012152
0.0012019
0.0015265
0.0014244
0.00066564
0.00050557
0.00034634
0.0002394
0.00021354
0.00019623
0.00033626
0.00051266
0.00066526
0.00080888
0.00094496
0.00048726
0.00069278
0.00079295
0.00099674
0.00050544
0.00052776
0.00067903
0.00062163
0.00060853
0.00078632
0.00085496
0.00079885
0.00058431
0.0004146
0.00032166
0.00068724
0.0012194
0.001189
0.0015582
0.0011223
0.0012457
0.0013851
0.00097116
0.00082822
0.00054951
0.00089426
0.00040762
0.00027443
0.00032322
0.00045846
0.00058309
0.00085112
0.0012212
0.0011239
0.00112
0.001129
0.0013755
0.00052327
0.0003696
0.00027613
0.0002612
0.00030517
0.00032769
0.00046846
0.00069903
0.00063234
0.00098472
0.00080772
0.00054025
0.00085513
0.00080628
0.00079719
0.00052577
0.00054489
0.00064262
0.00079761
0.00051269
0.00059997
0.0009363
0.00085184
0.00048888
0.00054082
0.00039518
0.00068341
0.00089342
0.00085091
0.0014981
0.0012538
0.00089842
0.00085371
0.0012602
0.0012498
0.0006367
0.00048534
0.00046811
0.00054191
0.00053777
0.00062277
0.00073193
0.0010444
0.00087861
0.00073894
0.00088975
0.00072802
0.0012812
0.00085281
0.00055873
0.00042919
0.00049403
0.00053412
0.00049898
0.00057346
0.00079616
0.0010631
0.00091427
0.00084603
0.00068757
0.00076263
0.00058918
0.00050843
0.00044979
0.0003468
0.00060903
0.00057933
0.0004684
0.00059841
0.00061214
0.00070825
0.00045922
0.00057738
0.00079382
0.00087424
0.00090105
0.00077479
0.00094935
0.00097818
0.001044
0.00089604
0.001093
0.0010873
0.00052854
0.00046199
0.00036723
0.00041798
0.00056693
0.00089513
0.00076385
0.00097944
0.00056138
0.00065225
0.00067477
0.00099341
0.00079366
0.00067528
0.00078367
0.00066525
0.00042241
0.00067153
0.00050006
0.00073276
0.00069293
0.0011147
0.0010394
0.00080636
0.00074393
0.00088262
0.00038324
0.00026018
0.00032071
0.00029232
0.00041834
0.00048056
0.00067703
0.00063775
0.00059697
0.00075899
0.00098452
