# Flux weighted concentration at grid cells:  30- 30   1- 30   1-  1
VARIABLES = "Time (yrs) " , "Al+++              ", "SiO2(aq)           ", "Na+                ", "K+                 ", "H2-12Oxalate       ", "H2-13Oxalate       ", "H2-14Oxalate       ", "12CO2(aq)          ", "13CO2(aq)          ", "14CO2(aq)          ", "
  1.00000E-04                2.03000000000004E-07   9.00999479162484E-05   4.25000000000005E-04   1.62000000000002E-05   9.89236527444458E-05   1.07917560068199E-06   1.09878967175252E-16   5.79123846157842E-04   6.31794392215640E-06   6.43277891001707E-16
  2.00000E-04                2.03000000000005E-07   9.00993561587964E-05   4.25000000000009E-04   1.62000000000003E-05   9.89240941270149E-05   1.07909630165729E-06   1.09870891817201E-16   5.79199846153598E-04   6.31815432636419E-06   6.43299313832409E-16
  3.00000E-04                2.03000000000007E-07   9.00958809575000E-05   4.25000000000012E-04   1.62000000000005E-05   9.89249241264733E-05   1.07915640249635E-06   1.09877009803993E-16   5.79273399124687E-04   6.31833836560146E-06   6.43318052244774E-16
  4.00000E-04                2.03000000000009E-07   9.00818302711843E-05   4.25000000000015E-04   1.62000000000006E-05   9.89274958648312E-05   1.07972772503436E-06   1.09935179102278E-16   5.79337999655486E-04   6.31842580571908E-06   6.43326955166161E-16
  5.00000E-04                2.03000000000016E-07   9.00378736152629E-05   4.25000000000017E-04   1.62000000000007E-05   9.89359621011042E-05   1.08174463183467E-06   1.10140534164126E-16   5.79377304290566E-04   6.31824023343564E-06   6.43308060619298E-16
  7.00000E-04                2.03000000000121E-07   8.93052952839484E-05   4.25000000000020E-04   1.62000000000008E-05   9.92162191386677E-05   1.11693558198128E-06   1.13723585720878E-16   5.78911410584263E-04   6.31199283441428E-06   6.42671965386329E-16
  1.10000E-03                2.03000000000839E-07   8.07400911254504E-05   4.25000000000022E-04   1.62000000000009E-05   1.06921812458497E-04   1.53041882286724E-06   1.55823405477238E-16   5.71995293926584E-04   6.23487804033333E-06   6.34820321857803E-16
  1.90000E-03                2.03000000294106E-07   5.00740883240266E-05   4.25000000000020E-04   1.62000000000008E-05   1.61445294253675E-04   3.01149706017175E-06   3.06623061064449E-16   5.46763157013537E-04   5.95741746947848E-06   6.06569951606830E-16
  3.50000E-03                2.03000000011475E-07   1.60955183600798E-05   4.25000000000267E-04   1.62000000000005E-05   2.63662169908513E-04   4.65259967087849E-06   4.73715995715522E-16   5.19085087469218E-04   5.64991850288381E-06   5.75261143906821E-16
  6.70000E-03                2.03000000000981E-07   2.96684945785351E-06   4.25000000004811E-04   1.61999999999990E-05   3.28092132288295E-04   5.28675658444125E-06   5.38284255103582E-16   5.09271191926340E-04   5.53115351421598E-06   5.63168777433211E-16
  1.00000E-02                2.03000000000033E-07   1.12420755578264E-06   4.24999999999990E-04   1.61999999999995E-05   3.50761500090405E-04   5.37563549536261E-06   5.47333681842481E-16   5.08746353487692E-04   5.51451853180641E-06   5.61475043395897E-16
