  2.000000000000000E-002   5.93599999999689        1.00000000000000     
  2.000000000000000E-002   5.83599999999067        1.00000000000000     
  2.000000000000000E-002   5.73599999998445        1.00000000000000     
  2.000000000000000E-002   5.63599999997823        1.00000000000000     
  2.000000000000000E-002   5.53599999997201        1.00000000000000     
  2.000000000000000E-002   5.43599999996579        1.00000000000000     
  2.000000000000000E-002   5.33599999995957        1.00000000000000     
  2.000000000000000E-002   5.23599999995336        1.00000000000000     
  2.000000000000000E-002   5.13599999994714        1.00000000000000     
  2.000000000000000E-002   5.03599999994092        1.00000000000000     
  2.000000000000000E-002   4.93599999993470        1.00000000000000     
  2.000000000000000E-002   4.83599999992849        1.00000000000000     
  2.000000000000000E-002   4.73599999992227        1.00000000000000     
  2.000000000000000E-002   4.63599999991605        1.00000000000000     
  2.000000000000000E-002   4.53599999990984        1.00000000000000     
  2.000000000000000E-002   4.43599999990362        1.00000000000000     
  2.000000000000000E-002   4.33599999989740        1.00000000000000     
  2.000000000000000E-002   4.23599999989118        1.00000000000000     
  2.000000000000000E-002   4.13599999988496        1.00000000000000     
  2.000000000000000E-002   4.03599999987874        1.00000000000000     
  2.000000000000000E-002   3.93599999987253        1.00000000000000     
  2.000000000000000E-002   3.83599999986631        1.00000000000000     
  2.000000000000000E-002   3.73599999986009        1.00000000000000     
  2.000000000000000E-002   3.63599999985387        1.00000000000000     
  2.000000000000000E-002   3.53599999984765        1.00000000000000     
  2.000000000000000E-002   3.43599999984143        1.00000000000000     
  2.000000000000000E-002   3.33599999983521        1.00000000000000     
  2.000000000000000E-002   3.23599999982899        1.00000000000000     
  2.000000000000000E-002   3.13599999982277        1.00000000000000     
  2.000000000000000E-002   3.03599999981655        1.00000000000000     
  2.000000000000000E-002   2.93599999981033        1.00000000000000     
  2.000000000000000E-002   2.83599999980411        1.00000000000000     
  2.000000000000000E-002   2.73599999979789        1.00000000000000     
  2.000000000000000E-002   2.63599999979168        1.00000000000000     
  2.000000000000000E-002   2.53599999978546        1.00000000000000     
  2.000000000000000E-002   2.43599999977924        1.00000000000000     
  2.000000000000000E-002   2.33599999977302        1.00000000000000     
  2.000000000000000E-002   2.23599999976680        1.00000000000000     
  2.000000000000000E-002   2.13599999976058        1.00000000000000     
  2.000000000000000E-002   2.03599999975436        1.00000000000000     
  2.000000000000000E-002   1.93599999974814        1.00000000000000     
  2.000000000000000E-002   1.83599999974193        1.00000000000000     
  2.000000000000000E-002   1.73599999973571        1.00000000000000     
  2.000000000000000E-002   1.63599999972949        1.00000000000000     
  2.000000000000000E-002   1.53599999972327        1.00000000000000     
  2.000000000000000E-002   1.43599999971705        1.00000000000000     
  2.000000000000000E-002   1.33599999971083        1.00000000000000     
  2.000000000000000E-002   1.23599999970462        1.00000000000000     
  2.000000000000000E-002   1.13599999969840        1.00000000000000     
  2.000000000000000E-002   1.03599999969218        1.00000000000000     
  2.000000000000000E-002  0.935999999685962        1.00000000000000     
  2.000000000000000E-002  0.835999999679744        1.00000000000000     
  2.000000000000000E-002  0.735999999673525        1.00000000000000     
  0.230000000000000       0.635999999670176        1.00000000000000     
  0.230000000000000       0.535999999669694        1.00000000000000     
  0.230000000000000       0.435999999669213        1.00000000000000     
  0.230000000000000       0.335999999668733        1.00000000000000     
  0.230000000000000       0.235999999668251        1.00000000000000     
  0.230000000000000       0.135999999667770        1.00000000000000     
  0.230000000000000       3.599999966728949E-002   1.00000000000000     
  0.229998883895209      -6.400000033319150E-002  0.999995147370474     
  0.229996019555200      -0.164000000333672       0.999982693718261     
  0.229992426271821      -0.264000000334153       0.999967070747048     
  0.229988310702717      -0.364000000334634       0.999949176968336     
  0.229983774104865      -0.464000000335115       0.999929452629848     
  0.229978879052922      -0.564000000335596       0.999908169795313     
  0.229973668866185      -0.664000000336077       0.999885516809500     
  0.229968175681171      -0.764000000336558       0.999861633396395     
  0.229962424484086      -0.864000000337039       0.999836628191678     
  0.133677746962870      -0.964000000337285       0.954841049734784     
  0.132963093226719       -1.06400000033729       0.949736380190848     
  0.132258341872199       -1.16400000033730       0.944702441944277     
  0.131564930449328       -1.26400000033731       0.939749503209482     
  0.130883886173350       -1.36400000033732       0.934884901238217     
  0.130215918107566       -1.46400000033733       0.930113700768328     
  0.129561487610882       -1.56400000033734       0.925439197220582     
  0.128920862818090       -1.66400000033735       0.920863305843499     
  0.128294161155811       -1.76400000033736       0.916386865398648     
  0.127681382753409       -1.86400000033737       0.912009876810061     
  0.127082436839139       -1.96400000033737       0.907731691708134     
  0.126497162678358       -2.06400000033738       0.903551161988271     
  0.125925346231010       -2.16400000033739       0.899466758792927     
  0.125366733429624       -2.26400000033740       0.895476667354457     
  0.124821040774860       -2.36400000033741       0.891578862677575     
  0.124287963792296       -2.46400000033742       0.887771169944971     
  0.123767183777596       -2.56400000033743       0.884051312697111     
  9.525631090154715E-002  -2.66400000033743       0.238140777253868     
  9.343830677601839E-002  -2.76400000033743       0.233595766940046     
  9.174370731624557E-002  -2.86400000033743       0.229359268290614     
  9.016046739394257E-002  -2.96400000033743       0.225401168484856     
  8.867804696058061E-002  -3.06400000033743       0.221695117401452     
  8.728718503935770E-002  -3.16400000033743       0.218217962598394     
  8.597971291486739E-002  -3.26400000033743       0.214949282287168     
  8.474839887977553E-002  -3.36400000033743       0.211870997199439     
  8.358681853876559E-002  -3.46400000033743       0.208967046346914     
  8.248924592855340E-002  -3.56400000033743       0.206223114821384     
  8.145056168443690E-002  -3.66400000033743       0.203626404211092     
  8.046617523884009E-002  -3.76400000033743       0.201165438097100     
  7.953195862757445E-002  -3.86400000033743       0.198829896568936     
  7.864418994376193E-002  -3.96400000033743       0.196610474859405     
