-2531503.276
-1325718.84
-2429609.567
-627855.5428
-2146551.196
-1454540.974
-1441902.682
-1608558.764
-946331.5772
-2366875.762
-1826447.621
-1897176.892
-2052356.339
-1537361.047
-2569310.771
-1862496.003
-2294848.479
-2374549.716
-2387088.956
-2391453.131
-2390623.917
-2384439.995
-2369319.175
-2287159.56
-1855013.888
-2557002.233
-1527712.955
-2038441.246
-1881765.332
-1809528.163
-2343819.698
-935822.5678
-1589387.068
-1422213.461
-1433405.727
-2114142.665
-618629.0125
-2390558.809
-1303044.08
-2495620.703
-1751295.137
-1322805.986
-1291526.272
-1380728.59
-1337992.873
-1464870.308
-1437450.413
-1500152.73
-1674787.97
-1737557.242
-1922289.655
-1900448.322
-2059568.116
-2162328.003
-2226674.509
-2354138.689
-2305879.064
-2380771.499
-2466103.915
-2480761.512
-2479324.625
-2461923.614
-2375526.49
-2298097.965
-2344723.21
-2215090.815
-2148519.541
-2045609.341
-1884887.221
-1905147.844
-1719690.631
-1655272.905
-1480481.934
-1417631.619
-1443636.363
-1316751.651
-1357407.674
-1268711.283
-1300019.877
-1724268.872
-1245237.097
-1254852.678
-1264181.355
-1392867.991
-1321565.344
-1384304.902
-1483759.995
-1593934.826
-1684719.335
-1735976.297
-1857601.699
-1997819.17
-2126332.158
-2252490.737
-2229808.977
-2356347.638
-2448850.934
-2510443.084
-2554542.856
-2489055.177
-2487604.138
-2551548.086
-2504550.081
-2440191.785
-2345187.523
-2218165.958
-2239052.915
-2110983.826
-1980802.024
-1839294.372
-1718061.927
-1665029.891
-1573689.625
-1462709.402
-1362611.541
-1299048.499
-1369299.188
-1241017.465
-1230589.252
-1220093.401
-1108216.426
-1260578.182
-1149512.496
-1223864.966
-1316003.905
-1387754.541
-1487981.193
-1537650.9
-1668078.748
-1814458.201
-1958441.76
-2003187.667
-2131847.522
-2241693.259
-2368714.106
-2473524.938
-2456444.573
-2518140.485
-2615605.678
-2644777.384
-2643175.641
-2610846.671
-2512212.799
-2447734.707
-2462952.762
-2355624.069
-2226438.488
-2116413.112
-1986075.591
-1939906.547
-1794754.451
-1647540.554
-1516403.155
-1466818.234
-1365951.065
-1293669.807
-1201061.904
-1126016.583
-1236165.438
-1083566.401
-796633.5108
-949654.1898
-1089957.01
-1226533.925
-1206983.912
-1327807.105
-1457709.35
-1600103.027
-1671575.943
-1818929.112
-1909819.415
-2068078.796
-2221994.372
-2364588.914
-2375150.614
-2491239.319
-2595250.895
-2673309.315
-2720376.026
-2652430.749
-2650821.482
-2716954.787
-2666572.392
-2585408.03
-2478579.351
-2361995.97
-2349476.175
-2204823.064
-2049269.589
-1889761.898
-1799127.245
-1650942.366
-1578545.91
-1435747.476
-1305536.96
-1184449.244
-1203628.446
-1067104.949
-926516.2479
-773235.331
-720162.1708
-714384.5148
-903644.352
-1063107.021
-1208861.037
-1356260.98
-1460732.571
-1510232.302
-1673073.32
-1842303.535
-2014820.206
-2072484.907
-2184889.319
-2347143.088
-2494746.268
-2621857.267
-2722349.466
-2680253.158
-2791698.684
-2826284.14
-2824434.861
-2786212.038
-2673493.236
-2713406.809
-2609746.677
-2479846.647
-2329895.127
-2165770.468
-2053604.204
-1994304.292
-1820836.149
-1651030.191
-1487909.658
-1438678.137
-1333846.319
-1186453.154
-1040699.648
-881194.7746
-691786.0474
-696922.9172
-501538.3281
-688702.0296
-883639.8868
-1064152.964
-1059497.569
-1227691.882
-1397348.447
-1572742.783
-1675938.645
-1845501.932
-1941609.115
-2129064.558
-2311512.489
-2482409.517
-2500085.618
-2634597.33
-2761236.651
-2856041.871
-2914238.595
-2833176.116
-2831324.72
-2910258.48
-2848220.822
-2749844.788
-2620020.591
-2485161.159
-2465124.576
-2292056.86
-2107997.568
-1919474.08
-1823977.114
-1653829.909
-1549845.06
-1374559.095
-1205183.516
-1037322.329
-1041657.448
-861744.7267
-666917.3008
-479354.3724
-440133.7952
-460410.7668
-679768.6536
-882519.5186
-1073071.198
-1259768.025
-1398968.409
-1449153.207
-1644436.559
-1845838.798
-2050750.35
-2132368.309
-2254337.203
-2449962.142
-2629921.674
-2786068.845
-2910660.759
-2862284.509
-2997050.843
-3040421.429
-3038255.592
-2990632.19
-2854477.906
-2900222.178
-2771986.261
-2612693.816
-2430180.863
-2232647.538
-2111300.096
-2027804.373
-1822246.406
-1620722.194
-1425722.072
-1376128.561
-1236888.398
-1050867.198
-860973.6908
-658710.4495
-439452.3084
-418276.5505
-252628.3179
-462571.5106
-685946.0031
-882396.152
-896120.1517
-1099216.217
-1302114.089
-1509987.875
-1725166.089
-1725166.089
-1946932.735
-2171622.395
-2393026.391
-2602990.842
-2634294.673
-2792230.465
-2951244.857
-3071320.095
-3145440.895
-3169095.174
-3169095.174
-3140766.902
-3062145.197
-2937910.54
-2775234.24
-2617151.427
-2582962.729
-2370690.795
-2147746.441
-1922265.505
-1700378.554
-1700378.554
-1485623.449
-1278558.042
-1076683.646
-874656.4844
-860789.6743
-665423.4417
-442662.2935
-232491.33
-197432.1055
-236213.5212
-476233.6471
-702770.3806
-919640.5618
-1133905.866
-1302227.966
-1352130.458
-1578795.232
-1815342.616
-2059818.359
-2173419.421
-2306906.531
-2548392.99
-2773956.904
-2972257.217
-3132149.957
-3076983.457
-3243926.838
-3300428.998
-3297890.368
-3236402.768
-3067920.517
-3119917.059
-2955776.695
-2753865.142
-2525473.554
-2282038.797
-2149716.381
-2033905.245
-1789228.836
-1553193.381
-1327570.822
-1278710.553
-1110715.687
-897946.624
-682508.4297
-457144.454
-217787.717
-177931.0137
-29089.18604
-259664.7515
-499528.214
-702037.0284
-726826.3356
-948947.8613
-1173755.613
-1407867.442
-1655253.117
-1655253.117
-1916272.485
-2187204.213
-2460328.684
-2724603.087
-2777150.91
-2966815.1
-3173078.73
-3330425.698
-3428322.762
-3459919.714
-3459919.714
-3422894.024
-3319750.052
-3157534.061
-2946990.754
-2757405.034
-2701297.368
-2434511.39
-2159938.701
-1888607.899
-1628113.206
-1628113.206
-1381967.213
-1149563.046
-926686.9518
-706503.5496
-681760.3527
-480957.0643
-242464.5757
-12224.44471
-37782.82861
-37782.82861
-290973.6682
-526879.7974
-753264.5303
-979928.7825
-979928.7825
-1215900.1
-1468107.955
-1740003.906
-2030440.247
-2333118.377
-2333118.377
-2636875.395
-2926793.211
-3185965.462
-3397557.755
-3397557.755
-3546836.246
-3622913.118
-3620027.231
-3538252.286
-3383518.525
-3383518.525
-3166934.037
-2903499.979
-2610322.231
-2304513.929
-2304513.929
-2001066.873
-1711051.545
-1440534.241
-1190357.385
-956759.8252
-956759.8252
-732546.8016
-508486.5443
-274615.7929
-22971.30986
-22971.30986
163599.5115
-82889.55807
-326294.5552
-525759.8051
-553949.7953
-777646.21
-1008975.479
-1258164.843
-1532578.785
-1532578.785
-1834956.439
-2161894.115
-2503269.737
-2843002.901
-2928500.372
-3161005.475
-3435879.2
-3647719.027
-3780532.747
-3824002.009
-3824002.009
-3774578.08
-3635883.552
-3418398.677
-3138405.639
-2906117.685
-2816195.028
-2473544.521
-2130780.746
-1803979.235
-1503021.31
-1503021.31
-1230932.917
-984568.8651
-756215.9087
-535403.1091
-507420.0061
-310392.6335
-69296.57702
175923.2804
-34040.35965
-34040.35965
-290169.4353
-525759.8051
-751781.7076
-978095.5628
-978095.5628
-1213796.287
-1465900.726
-1737953.975
-2028880.235
-2332396.923
-2332396.923
-2637283.787
-2928500.372
-3188981.361
-3401737.035
-3401737.035
-3551908.297
-3628524.815
-3625781.241
-3543737.137
-3388340.72
-3388340.72
-3170762.389
-2906117.685
-2611667.374
-2304691.55
-2304691.55
-2000317.255
-1709687.619
-1438869.367
-1188649.015
-955185.499
-955185.499
-731206.713
-507420.0061
-273808.0012
-19287.31222
-19287.31222
202204.5594
-82285.92292
-325313.0748
-358168.1842
-552467.6655
-775614.1845
-1006412.01
-1255178.508
-1529401.297
-1529401.297
-1831949.53
-2159505.563
-2501938.412
-2843053.006
-3086777.645
-3162567.18
-3438872.972
-3651893.643
-3785535.256
-3829432.959
-3829432.959
-3780011.815
-3640877.28
-3422518.596
-3141294.661
-3060596.251
-2817659.944
-2473609.988
-2129683.025
-1802091.645
-1500752.156
-1500752.156
-1228631.461
-982478.3518
-754474.2988
-534068.1683
-342387.2414
-309458.8429
-68689.70744
213244.0704
125626.7956
125626.7956
-129399.3048
-356940.8171
-573263.1631
-792924.3713
-792924.3713
-1029587.568
-1295182.62
-1597938.694
-1939680.482
-2313561.789
-2313561.789
-2703611.874
-3086543.128
-3435294.487
-3723203.81
-3723203.81
-3927702.94
-4032782.025
-4030164.064
-3919754.662
-3709739.217
-3709739.217
-3416285.883
-3062411.135
-2675402.233
-2282875.67
-2282875.67
-1908338.808
-1567590.445
-1267061.721
-1004429.529
-771012.7015
-771012.7015
-554571.1535
-341287.25
-116566.5133
135795.1241
135795.1241
325331.9442
55117.18257
-172699.3819
-204702.5955
-379933.7873
-583565.5873
-799986.5687
-1045126.3
-1333298.864
-1333298.864
-1673949.064
-2067110.406
-2500112.046
-2947918.894
-3251168.559
-3377252.646
-3752788.809
-4043253.858
-4225630.76
-4286449.399
-4286449.399
-4221176.719
-4033810.355
-3737627.053
-3356012.357
-3223752.238
-2921136.805
-2469393.472
-2034686.8
-1641999.817
-1303535.936
-1303535.936
-1018620.951
-777174.897
-564440.5213
-364275.9285
-192338.3841
-160274.4371
64435.6796
330867.6135
365443.438
226194.8663
-5707.947697
-203923.3339
-388962.1439
-579324.5042
-559834.062
-793573.1617
-1051021.052
-1370011.427
-1762021.172
-1878100.04
-2223689.186
-2732255.664
-3248391.449
-3725155.14
-4118438.367
-4529411.555
-4395228.91
-4536737.855
-4535462.345
-4390747.979
-4524282.648
-4109106.673
-3709225.987
-3225175.743
-2702992.908
-2191052.364
-1839625.207
-1728867.788
-1338709.187
-1023156.991
-769829.2908
-538668.385
-559735.1522
-373232.4049
-191723.0636
3118.377936
231464.6802
366995.4997
361136.2072
136033.3085
-53100.97015
-80318.73273
-218919.6735
-380687.2311
-557528.0736
-770896.9082
-1045559.147
-1045559.147
-1407021.472
-1870066.895
-2424308.187
-3028699.022
-3421475.839
-3621290.36
-4137838.092
-4528355.429
-4766371.979
-4845873.472
-4845873.472
-4766973.457
-4527021.211
-4130648.776
-3604971.106
-3395674.073
-3003317.965
-2393031.893
-1836596.048
-1374560.417
-1016497.019
-1016497.019
-746309.0993
-537558.4061
-364955.075
-206934.0054
-72007.70895
-44559.32735
141053.0621
361621.2076
325194.7776
247427.0015
66792.99992
-80916.6792
-214924.9255
-353174.1189
-304991.9377
-515969.0445
-729259.2878
-1026899.533
-1447774.387
-1508365.696
-2011723.488
-2692792.193
-3415563.986
-4082929.859
-4613285.013
-5133961.68
-4963337.67
-5131888.641
-5135597.839
-4971754.017
-5152185.291
-4619557.001
-4078572.552
-3397710.082
-2665426.608
-1979609.887
-1467913.257
-1414975.9
-997087.977
-704086.3137
-495830.3254
-288626.69
-337638.5666
-203312.3576
-72707.01257
71704.98717
248521.0256
322908.7996
294049.1358
148622.9288
19693.97989
-2426.218119
-89078.55424
-192292.1231
-306366.0881
-453345.9602
-366232.7355
-575787.2417
-992318.6482
-1498790.119
-2211418.028
-3067991.66
-3622994.797
-3926773.604
-4639738.877
-5123925.329
-5379650.218
-5741977.232
-5756778.46
-5397569.927
-5150264.75
-4655257.742
-3921413.198
-3601153.166
-3048196.614
-2183588.839
-1467117.564
-962719.8436
-544895.2974
-343293.15
-433410.6996
-291345.9717
-181333.6325
-81417.31587
1748.622999
24426.85745
150207.3297
291429.7716
194582.4029
186434.6416
80658.58433
-5456.050039
-79907.75304
-153720.5036
-96610.46747
-242349.6571
-369643.115
-576512.777
-936696.0531
-849089.1733
-1573333.689
-2515534.766
-3613605.862
-4595809.727
-5257752.346
-5824428.359
-5591014.014
-5719367.752
-5739227.425
-5647125.402
-5924565.264
-5307355.812
-4608787.111
-3605532.125
-2496954.608
-1544956.141
-813482.4443
-909249.7868
-552224.1129
-350528.83
-228302.1266
-87074.37594
-143789.0826
-73117.8351
-1187.159175
82492.3692
185216.7025
191290.2002
149471.2416
100102.9042
37465.6432
18055.47967
-14154.80218
-58763.25768
-105079.0493
-166650.2171
-73189.64162
-137068.06
-457719.6501
-849193.0787
-1702349.503
-3017657.02
-3926348.015
-4427954.184
-5407552.533
-5789411.143
-5903313.561
-6064354.197
-6225301.953
-5999057.998
-5904926.804
-5445244.331
-4432910.651
-3946789.635
-3016999.81
-1679234.543
-827893.4818
-436163.7588
-115349.4705
-59536.40227
-154246.2826
-96635.0752
-53197.27874
-10674.4689
18989.55824
39197.66845
99889.01112
146751.4636
46555.27549
28706.16098
45019.86119
12509.76597
-12520.56212
3829.627235
1926.577244
-56314.6425
-90486.63058
-156535.515
-308040.8346
-98962.64682
-411411.3481
-1971363.762
-3915740.473
-5600000.624
-6791493.184
-6358608.787
-5996204.769
-6013930.015
-6197372.043
-6236739.477
-6321648.382
-6771883.794
-5608612.88
-3949623.681
-1949794.838
-416800.1228
-73722.48696
-292329.385
-142916.2704
-80803.57649
-49971.027
4599.720273
4892.232721
-10103.8336
13795.07723
45226.86345
28049.95712
45007.33156
23012.21262
26583.13082
11761.0778
3395.592593
190.9988997
-7972.550795
-14579.9435
-21821.53114
14795.2821
20285.72103
-61070.12841
-144435.8222
-460837.9274
-2676480.92
-5106140.317
-5555600.199
-6698484.589
-6254722.658
-5652545.127
-5714564.415
-7202789.06
-6428042.202
-6264852.946
-6706727.245
-5675399.39
-4705912.608
-2615432.286
-493703.1165
-139646.927
-54313.82191
25909.08609
17377.90207
-18516.57178
-12542.1482
-6757.104698
870.0268296
3128.135785
12010.13194
26320.03683
22332.5468
0
0
0
0
0
0
0
0
0
0
-5915309.971
0
-4597066.605
-4192801.674
-3961531.752
-8267516.151
-7522856.036
-6495692.88
-5936262.48
-6771130.163
-5621039.131
-6106481.672
-5773321.897
-8824108.232
-9006807.413
0
-4116948.528
-4661857.244
-5197260.608
0
0
0
0
0
0
0
0
0
0
0
0
0
0
0
0
0
0
0
0
0
-6481907.859
-4709764.529
-3984373.107
-3647626.1
-3471369.188
-8335861.944
-7119569.216
-5866140.497
-5692885.098
-5611777.681
-5794872.93
-5934820.521
-7323963.46
-6046618.817
-8065249.538
-3590043.651
-4028334.003
-4631461.625
-6389793.209
0
0
0
0
0
0
0
0
0
0
0
3129.260269
0
587.0366925
2038.390556
3281.828676
0
-228887.1056
-921053.2825
-43307.32617
-7367078.745
-4773577.991
-3911939.99
-3976626.07
-3648969.007
-8884704.614
-8336593.791
-7035305.659
-6176439.963
-5855874.69
-5653339.7
-5816035.27
-6408528.69
-6368897.043
-7042217.131
-8010848.74
-8832721.298
-3488395.577
-4703783.952
-4703783.952
0
-5176906.716
-913361.0479
0
-87366.56893
3077.479163
1850.513871
409.9704217
0
-3635.355009
0
11597.20428
-74302.28872
0
0
-19721.45363
-191892.3262
-104023.9796
-454265.7968
-2357807.299
-3591561.839
-4657109.709
0
-3560254.732
-3300226.881
-7028918.214
-6789263.833
-7044929.696
-6197227.478
-5822467.223
-5824128.396
-5898364.715
-6059359.41
-6351402.12
-7026534.518
-6719331.247
-6850707.768
-3505141.296
-3879689.257
-4598667.747
-3705889.519
-3557691.243
-451353.1203
0
-34579.83565
-191517.0845
-138507.7119
-113400.328
-19014.03143
-9948.463121
0
0
-238736.4956
-120065.87
-143863.4665
0
-551380.3814
-954224.88
-1876201.353
-2448316.485
-2921742.707
-3503913.676
-3512954.674
-3590703.711
-3328498.563
-6694313.763
-6789687.434
-6299104.144
-6083387.261
-5885075.002
-5848334.837
-5914948.425
-5921839.565
-6103304.776
-6254557.631
-6686094.782
-6469246.517
-3254194.058
-3471102.638
-3465565.405
0
-2427022.165
-824463.9363
-948170.7168
-356831.0216
-199314.7659
-144714.3828
-121164.8532
-239545.9699
-120774.927
9156.484131
-128798.9453
-365169.8954
0
-569118.4952
-394634.925
0
-1048426.559
-1642429.248
-2380152.646
-2966117.563
-3542011.466
0
0
-3327882.787
-5882081.983
-6012685.088
-6307225.579
-6099974.825
-5904101.363
-5796497.358
-5797761.437
-5929094.304
-6099514.135
-6236101.608
-5906788.936
-5704856.718
-3288436.275
0
-3207941.825
-2945256.445
-2938254.684
-1630723.62
-1042898.15
-572569.6731
-727076.5027
0
-475351.4452
-253798.7461
-138329.7957
0
-487679.2673
-650304.6087
-492154.6628
-588809.4724
0
-1080157.319
-1080157.319
-1682189.369
-2416322.097
-2545008.07
-2883953.384
-3013925.599
0
-5502848.126
-5864011.167
-6018321.125
-5777613.155
-5765882.199
-5717940.465
-5809885.557
-5806659.423
-5699255.703
-5718485.179
-5686357.817
-5889970.054
-5665329.884
-5252052.246
-2985061.246
-2857569.183
-2975543.381
-2396458.208
-2033470.053
-1520173.355
-1123308.956
-887822.6642
0
-493245.9063
-383390.9629
-383390.9629
-162463.6037
0
0
-943710.7476
-1046012.027
-913604.2901
-1212272.484
-1484583.553
-2079940.549
0
0
0
-2754769.942
-2817640.658
-5202068.769
-5373080.719
-5529492.725
-5784560.607
-5775094.011
-5585317.68
-5564496.885
-5550861.888
-5541867.564
-5715926.863
-5677733.685
-5407537.144
-5208210.599
-4989216.186
-3012614.127
-2731732.329
-2538314.43
0
-1838530.74
0
-1152078.117
-1208449.47
-1044316.905
0
-842526.5736
-515734.4815
-394220.7617
-1075631.13
-1155219.258
-963185.4886
0
-1309841.529
-1484821.618
0
-2026939.583
0
-2299638.698
0
0
0
-5098455.895
-5379130.473
-5535192.15
-5378435.605
-5412578.538
-5411182.293
-5570944.447
-5554973.481
-5379165.194
-5346572.205
-5276001.506
-5401366.591
-5202537.306
-4888312.144
-2599541.649
0
-2563259.093
-2247769.019
-2015077.985
-1728245.587
-1479515.152
-1306890.986
0
-963666.0111
-1155411.539
0
-776495.4917
-1325826.653
0
-1409011.25
0
0
0
-1681334.558
-1890763.464
-2107863.399
0
-2294173.93
-2423509.503
-2487664.726
-4889480.201
-5056423.629
-5168494.384
-5383339.316
-5417471.324
-5234447.403
-5227380.892
-5210903.174
-5184746.223
-5345467.05
-5273103.955
-5052203.173
-4909747.542
-4714678.702
0
-2408441.706
-2280589.167
0
0
-1675173.516
-1504795.826
0
-1426639.155
-1408248.194
-1174459.085
-1327893.864
-1327893.864
-1778317.034
-1440337.907
-1427095.9
-1580333.849
-1580706.338
-1667419.936
-1809708.169
-1915037.801
0
-2130139.511
-2253727.568
0
-4719253.961
-4869248.628
-5062013.231
-4977934.407
-5030042.767
-5046120.604
-5042121.733
-5229749.381
-5212141.385
-5009911.528
-4982084.94
-4935347.139
-4855063.341
-4909887.961
-4722597.622
-4548353.926
0
-2304922.374
-2121083.003
-1906857.627
0
0
-1577864.579
-1577864.579
-1578808.311
-1663105.834
-1441497.831
0
0
0
-1779123.189
-1668614.679
-1683653.031
-1683653.031
-1770638.836
-1890407.457
-2012793.651
-2119374.556
-2196483.191
-2357577.288
-4691152.948
-4729144.768
-4820176.394
-4854652.332
-5032655.735
-5047981.744
-4848137.85
-4832967.16
-4817744.881
-4802839.999
-4981280.78
-4934533.112
-4753846.414
-4696290.275
-4586999.084
-4525306.265
0
-2111143.516
-2005655.808
0
-1766207.013
-1766207.013
0
0
-1778036.94
-2011983.045
0
0
0
-2051616.96
-2051616.96
-1774258.074
-1723519.503
-1761123.734
-1849780.152
-1936969.912
-1936969.912
0
-2088248.208
-2135971.964
-4647238.839
-4708502.675
-4823758.772
-4706878.067
-4682305.719
-4653514.212
-4628388.512
-4832849.633
-4817160.444
-4600423.488
-4598479.329
-4602041.487
-4604245.756
-4697724.341
-4587388.656
-4511351.182
0
-2020058.147
0
0
-1845831.826
0
-1702396.022
-1772813.996
0
-2050737.745
-2503342.728
-2424507.245
-3140524.822
0
-1890215.885
-1768627.82
-1744179.004
-1841767.892
0
-1903657.243
-1969247.21
0
0
-2163621.285
-4630729.203
-4660409.312
-4598133.875
-4525720.988
-4465373.837
-4652989.592
-4421318.84
-4393196.232
-4380461.265
-4383564.053
-4596989.211
-4403945.438
-4442844.711
-4496867.988
-4544629.001
-4501881.693
-2050964.345
-2010962.791
-1965635.781
-1900544.235
-1870697.914
-1782677.281
-1777532.449
-1767101.018
-1889103.605
-2062925.657
-2428149.691
-3139738.79
-3104500.313
-1910853.181
0
-1872672.917
-1759607.511
-1918595.551
-1858558.39
-1992959.508
-1992959.508
-1938026.625
-2037234.911
-4688837.609
-4700675.759
-4539555.336
-4597764.103
-4394228.173
-4288330.787
-4217198.653
-4173217.461
-4391973.84
-4379095.944
-4150495.975
-4172599.496
-4223500.533
-4311527.792
-4495971.029
-4441951.985
-4591845.782
-4567902.994
0
-1993016.579
0
0
-1917004.882
-1758267.049
-1758267.049
-1907763.168
-1909904.279
-3103464.9
-4236464.747
-4060634.381
-1956458.12
0
-1890595.435
-1927928.582
-1929276.81
-1929276.81
-1971052.601
0
-1991828.985
-1972879.195
-4796306.969
-4865105.73
-4542243.641
-4288875.261
-4123288.374
-4019226.491
-4215618.324
-3956222.369
-3922263.082
-3912128.083
-3926205.275
-4170837.155
-3970463.904
-4057578.609
-4208527.276
-4449876.19
-4763182.406
-4681896.492
-1990780.11
-1958044.253
-1970049.242
0
0
-1927017.729
-1865919.204
-1852613.608
0
-4059663.837
-4059663.837
-543740.3633
0
-734945.7518
-734945.7518
-3125592.386
-930323.4387
-2945998.935
-1113365.908
-1985910.495
-2761008.076
-1294179.069
-5201770.746
-4613043.367
-4202513.175
-4283155.313
-3966226.525
-3828002.564
-3746560.927
-3700661.377
-3680335.85
-3680335.85
-3682879.911
-3711693.73
-3777384.418
-3901705.097
-4203017.501
-4126214.001
-4526845.255
-5105227.71
-2760791.528
-2760791.528
-1113112.212
-2945712.826
-929999.7702
0
-1898646.582
-734558.1774
-3275491.654
-543303.7256
-9290430.277
0
0
0
0
0
0
0
0
0
0
0
-5291625.037
-4740913.726
-4112576.519
-3808491.087
-3643261.753
-3548224.137
-3747340.916
-3493247.808
-3464531.735
-3456695.296
-3470056.099
-3712605.557
-3510607.43
-3592688.996
-3746818.075
-4041697.746
-4661857.244
-5197260.608
0
0
0
0
0
0
0
0
0
0
0
0
0
0
0
0
0
0
0
0
0
-7763204.786
-4802871.363
-3984373.107
-3647626.1
-3803831.167
-3471369.188
-3368988.58
-3307506.63
-3272158.261
-3256399.815
-3256399.815
-3258525.337
-3280807.032
-3330322.684
-3422300.848
-3742618.286
-3590043.651
-3920166.767
-4732384.868
-7665112.334
0
0
0
0
0
0
0
0
0
0
0
0
0
0
0
0
0
0
0
0
-4631486.247
-3911939.99
-3911939.99
-3541357.34
-3344319.708
-3227349.45
-3154688.197
-3154688.197
-3110325.335
-3086663.51
-3080680.135
-3092625.922
-3126013.484
-3126013.484
-3188894.789
-3297672.631
-3488395.577
-3854603.353
-3854603.353
-4572521.72
0
0
0
0
0
0
0
0
0
0
11597.20428
-74302.28872
-113038.8548
-18483.50772
-138400.0822
-191892.3262
-342858.4809
-792753.3574
-2357807.299
-2357807.299
-3746619.918
-3920674.81
-3553271.098
-3300226.881
-3360441.365
-3144539.336
-3046677.756
-2985326.954
-2949719.372
-2934836.421
-2934836.421
-2939337.168
-2964992.513
-3017232.871
-3107202.262
-3314214.055
-3256549.274
-3505141.296
-3871091.697
-3705889.519
-2336381.227
-2336381.227
-786940.9444
-341167.3065
-191517.0845
-138507.7119
-19150.72688
-113400.328
-74955.48359
10594.04748
-9195.626635
-9195.626635
-18326.75708
-18483.50772
-19721.45363
-34005.05686
-34005.05686
-104023.9796
-454265.7968
-3591561.839
-4657109.709
-3936629.574
-3936629.574
-3560254.732
-3360441.365
-3242131.916
-3168804.105
-3168804.105
-3124124.648
-3100358.772
-3094432.361
-3106593.473
-3140400.436
-3140400.436
-3204035.463
-3314214.055
-3507733.704
-3879689.257
-3879689.257
-4598667.747
-3557691.243
-451353.1203
-104097.2554
-34579.83565
-34579.83565
-20377.89542
-19150.72688
-19014.03143
-9948.463121
-9948.463121
11175.1279
-84475.92633
-120065.87
-299866.1808
-143863.4665
-198947.7194
-357813.5058
-829707.0768
-2448316.485
-2448316.485
-3818329.385
-3973367.921
-3590703.711
-3328498.563
-3110202.901
-3167715.694
-3067029.964
-3004139.536
-2967782.663
-2952709.185
-2952709.185
-2957512.837
-2984023.169
-3037894.792
-3130757.121
-3074825.952
-3285234.266
-3542974.253
-3924118.782
-3777831.755
-2427022.165
-2427022.165
-824463.9363
-356831.0216
-199314.7659
-144714.3828
-300093.4997
-121164.8532
-85863.96952
9156.484131
-135996.2208
-135996.2208
-252277.971
-313563.1809
-394634.925
-574161.0128
-574161.0128
-989797.5535
-1930634.16
-2966117.563
-3542011.466
-3551540.834
-3551540.834
-3327882.787
-3139235.885
-3007815.834
-2920811.827
-2920811.827
-2866839.603
-2839104.183
-2834622.813
-2853578.079
-2899312.382
-2899312.382
-2978966.684
-3104266.714
-3288436.275
-3510163.964
-3510163.964
-3504182.721
-2938254.684
-1915563.671
-984258.6624
-572569.6731
-572569.6731
-394734.1898
-314484.3028
-253798.7461
-138329.7957
-138329.7957
-217387.1312
-381284.729
-492154.6628
-755097.9276
-588809.4724
-753784.5752
-1080157.319
-1682189.369
-2416322.097
-2416322.097
-3003634.598
-3271869.907
-3248601.254
-3105072.596
-2882495.902
-2967497.272
-2862802.022
-2791206.285
-2748699.901
-2732279.995
-2732279.995
-2741008.247
-2776140.733
-2840998.116
-2939921.53
-2856741.537
-3073093.667
-3214259.084
-3238575.974
-2975543.381
-2396458.208
-2396458.208
-1670927.949
-1075152.803
-752072.2753
-588828.2757
-754620.5481
-493245.9063
-383390.9629
-220879.6105
-603053.2191
-512843.2837
-668374.4144
-775356.7236
-913604.2901
-1156248.446
-1484583.553
-1561607.32
-2079940.549
-2572466.646
-2909541.118
-2754769.942
-3040924.211
-3010428.734
-2911121.227
-2809773.538
-2729065.536
-2578629.184
-2674209.488
-2645380.04
-2642079.542
-2664448.746
-2567628.347
-2713270.388
-2788671.427
-2885793.591
-2982450.101
-3012614.127
-2731732.329
-2883730.869
-2551661.078
-2065430.474
-1553056.032
-1477601.61
-1152078.117
-912106.5551
-775520.4202
-669815.9499
-515734.4815
-606153.0547
-773122.0671
-859279.5842
-963185.4886
-1212243.869
-1068002.1
-1237427.206
-1512499.216
-1877935.666
-2263168.734
-2263168.734
-2582895.276
-2779165.513
-2843550.038
-2812759.223
-2616569.467
-2740613.266
-2666002.477
-2606393.58
-2568211.706
-2553479.299
-2553479.299
-2562687.312
-2595596.755
-2650449.804
-2721119.68
-2598989.547
-2790508.278
-2820186.23
-2756688.694
-2563259.093
-2247769.019
-2247769.019
-1867247.229
-1506050.518
-1234172.875
-1066918.411
-1211028.848
-963666.0111
-861189.4642
-776495.4917
-1325826.653
-1105640.327
-1173592.759
-1232226.567
-1332229.81
-1509542.96
-1681334.558
-1762337.775
-2052125.199
-2323731.156
-2528822.938
-2423509.503
-2643287.412
-2672474.252
-2643772.408
-2590221.712
-2536227.91
-2390929.629
-2494779.192
-2471794.541
-2469500.127
-2488006.265
-2383579.786
-2525313.449
-2575748.805
-2626605.093
-2653790.866
-2624523.8
-2408441.706
-2511466.804
-2309026.037
-2040807.038
-1754517.386
-1675173.516
-1504795.826
-1329871.278
-1231643.454
-1174459.085
-1107966.426
-1327893.864
-1541718.063
-1440337.907
-1427095.9
-1580333.849
-1448672.938
-1540783.997
-1705122.734
-1915037.801
-1974638.946
-2130139.511
-2317967.939
-2447682.427
-2512899.355
-2522873.328
-2364141.448
-2497369.559
-2457829.753
-2420160.14
-2393838.802
-2272328.585
-2270839.374
-2390163.049
-2412998.929
-2447573.115
-2484623.775
-2353165.863
-2508472.196
-2497870.403
-2433135.581
-2304922.374
-2120117.337
-1966397.977
-1906857.627
-1699519.95
-1537427.622
-1447122.283
-1578808.311
-1426986.72
-1441497.831
-1543821.194
-2175386.537
-1810005.13
-1680019.513
-1597815.064
-1600795.267
-1689684.361
-1770638.836
-1833302.904
-1998660.054
-2154364.071
-2278268.266
-2196483.191
-2357577.288
-2392548.856
-2391954.963
-2370534.848
-2342092.232
-2211541.21
-2317501.678
-2302983.322
-2301539.142
-2313246.859
-2207211.955
-2335262.986
-2361532.982
-2381350.896
-2381061.054
-2346010.005
-2187561.968
-2267409.677
-2144870.04
-1990959.486
-1827556.043
-1766207.013
-1685809.233
-1598553.808
-1596925.326
-1680248.298
-1811189.807
-2175879.766
-2423985.736
-2027601.66
-1794223.831
-1774258.074
-1686980.305
-1704947.471
-1793895.165
-1914636.479
-1936969.912
-2025710.244
-2144630.943
-2222499.06
-2268483.637
-2284193.28
-2161370.756
-2279011.78
-2261658.561
-2242803.762
-2227897.467
-2119033.665
-2118239.79
-2225754.104
-2238638.088
-2255715.117
-2271658.773
-2155543.015
-2275910.531
-2259827.806
-2214044.419
-2136896.357
-2020058.147
-1932113.672
-1909362.15
-1790022.89
-1702396.022
-1685586.522
-1772813.996
-1793793.962
-2027928.372
-2424507.245
-3140524.822
-2429041.794
-2063127.511
-1792052.312
-1744179.004
-1779558.647
-1841767.892
-1874107.873
-1962907.498
-2051512.242
-2115508.574
-2055184.366
-2072041.438
-2184389.619
-2191526.503
-2182930.694
-2076066.815
-2063311.871
-2159329.419
-2152478.563
-2151721.841
-2157102.501
-2061334.393
-2073240.606
-2178240.759
-2186010.33
-2178405.607
-2067819.063
-2050964.345
-2109735.351
-2046343.482
-1958562.52
-1870697.914
-1839200.259
-1777532.449
-1742599.709
-1791245.148
-2062925.657
-2428149.691
-3139738.79
-3496671.553
-2436940.904
-1908217.825
-1872672.917
-1791367.298
-1804632.276
-1867383.266
-1930196.2
-1992959.508
-1938026.625
-2043098.045
-2084104.081
-2102551.792
-2116051.677
-2002677.247
-2111787.241
-2109863.475
-2098241.209
-2096152.65
-2007624.975
-2007344.655
-2095199.37
-2096389.894
-2107224.353
-2108522.378
-2000583.122
-2112366.517
-2098678.267
-2080277.621
-2039530.975
-1935755.166
-1990880.672
-1927589.205
-1865357.429
-1803184.614
-1790457.903
-1871562.844
-1907763.168
-2436748.891
-3496132.672
-4060634.381
-1956458.12
-1948013.732
-1890595.435
-1798181.146
-1927928.582
-1929276.81
-1894303.422
-2012790.12
-1973854.886
-2061288.322
-1972879.195
-1999874.564
-2078103.564
-2041121.36
-2071142.762
-1973464.119
-1996001.525
-2056011.144
-2045790.57
-2045535.364
-2055260.295
-1995580.598
-1972856.152
-2069558.738
-2039252.385
-2076063.795
-1998890.422
-1971846.08
-2059265.674
-1971997.61
-2011171.025
-1892965.53
-1928318.111
-1927017.729
-1797437.478
-1890126.629
-1947748.808
-1955653.291
-4059663.837
-5233912.929
-2021306.512
-3275901.548
-734945.7518
-3125592.386
-1958258.636
-1953755.853
-2000223.495
-1113365.908
-2761008.076
-2024863.503
-2004146.553
-2037126.982
-1475175.027
-2390339.956
-1656959.441
-2010897.891
-2037948.101
-2008797.165
-2022546.35
-2022538.235
-2008615.249
-2037595.185
-2010393.494
-1656884.208
-2390243.513
-1475048.538
-2036377.707
-2003396.666
-2024154.137
-2760791.528
-1113112.212
-1999675.122
-1953308.805
-1957921.458
-3125237.471
-734558.1774
-3275491.654
-2021220.007
-5233624.804
