0.5	0.05	5.3
1.5	0.05	5.3
2.5	0.05	5.3
0.5	0.15	5.4
1.5	0.15	5.4
2.5	0.15	5.4
0.5	0.25	5.5
1.5	0.25	5.5
2.5	0.25	5.5
0.5	0.35	5.6
1.5	0.35	5.6
2.5	0.35	5.6
0.5	0.45	5.69
1.5	0.45	5.69
2.5	0.45	5.69
0.5	0.55	5.79
1.5	0.55	5.79
2.5	0.55	5.79
0.5	0.65	5.85
1.5	0.65	5.85
2.5	0.65	5.85
0.5	0.75	5.88
1.5	0.75	5.88
2.5	0.75	5.88
0.5	0.85	5.92
1.5	0.85	5.92
2.5	0.85	5.92
0.5	0.95	5.94
1.5	0.95	5.94
2.5	0.95	5.94
0.5	1.05	5.97
1.5	1.05	5.97
2.5	1.05	5.97
0.5	1.15	5.99
1.5	1.15	5.99
2.5	1.15	5.99
0.5	1.25	6
1.5	1.25	6
2.5	1.25	6
0.5	1.35	6.01
1.5	1.35	6.01
2.5	1.35	6.01
0.5	1.45	6.02
1.5	1.45	6.02
2.5	1.45	6.02
0.5	1.55	6.02
1.5	1.55	6.02
2.5	1.55	6.02
0.5	1.65	6.03
1.5	1.65	6.03
2.5	1.65	6.03
0.5	1.75	6.04
1.5	1.75	6.04
2.5	1.75	6.04
0.5	1.85	6.04
1.5	1.85	6.04
2.5	1.85	6.04
0.5	1.95	6.05
1.5	1.95	6.05
2.5	1.95	6.05
0.5	2.05	6.05
1.5	2.05	6.05
2.5	2.05	6.05
0.5	2.15	6.06
1.5	2.15	6.06
2.5	2.15	6.06
0.5	2.25	6.07
1.5	2.25	6.07
2.5	2.25	6.07
0.5	2.35	6.07
1.5	2.35	6.07
2.5	2.35	6.07
0.5	2.45	6.08
1.5	2.45	6.08
2.5	2.45	6.08
0.5	2.55	6.09
1.5	2.55	6.09
2.5	2.55	6.09
0.5	2.65	6.09
1.5	2.65	6.09
2.5	2.65	6.09
0.5	2.75	6.1
1.5	2.75	6.1
2.5	2.75	6.1
0.5	2.85	6.1
1.5	2.85	6.1
2.5	2.85	6.1
0.5	2.95	6.11
1.5	2.95	6.11
2.5	2.95	6.11
0.5	3.05	6.12
1.5	3.05	6.12
2.5	3.05	6.12
0.5	3.15	6.12
1.5	3.15	6.12
2.5	3.15	6.12
0.5	3.25	6.13
1.5	3.25	6.13
2.5	3.25	6.13
0.5	3.35	6.14
1.5	3.35	6.14
2.5	3.35	6.14
0.5	3.45	6.14
1.5	3.45	6.14
2.5	3.45	6.14
0.5	3.55	6.15
1.5	3.55	6.15
2.5	3.55	6.15
0.5	3.65	6.15
1.5	3.65	6.15
2.5	3.65	6.15
0.5	3.75	6.16
1.5	3.75	6.16
2.5	3.75	6.16
0.5	3.85	6.17
1.5	3.85	6.17
2.5	3.85	6.17
0.5	3.95	6.17
1.5	3.95	6.17
2.5	3.95	6.17
0.5	4.05	6.18
1.5	4.05	6.18
2.5	4.05	6.18
0.5	4.15	6.19
1.5	4.15	6.19
2.5	4.15	6.19
0.5	4.25	6.19
1.5	4.25	6.19
2.5	4.25	6.19
0.5	4.35	6.2
1.5	4.35	6.2
2.5	4.35	6.2
0.5	4.45	6.2
1.5	4.45	6.2
2.5	4.45	6.2
0.5	4.55	6.21
1.5	4.55	6.21
2.5	4.55	6.21
0.5	4.65	6.22
1.5	4.65	6.22
2.5	4.65	6.22
0.5	4.75	6.22
1.5	4.75	6.22
2.5	4.75	6.22
0.5	4.85	6.23
1.5	4.85	6.23
2.5	4.85	6.23
0.5	4.95	6.24
1.5	4.95	6.24
2.5	4.95	6.24
0.5	5.05	6.24
1.5	5.05	6.24
2.5	5.05	6.24
0.5	5.15	6.25
1.5	5.15	6.25
2.5	5.15	6.25
0.5	5.25	6.25
1.5	5.25	6.25
2.5	5.25	6.25
0.5	5.35	6.26
1.5	5.35	6.26
2.5	5.35	6.26
0.5	5.45	6.27
1.5	5.45	6.27
2.5	5.45	6.27
0.5	5.55	6.27
1.5	5.55	6.27
2.5	5.55	6.27
0.5	5.65	6.28
1.5	5.65	6.28
2.5	5.65	6.28
0.5	5.75	6.29
1.5	5.75	6.29
2.5	5.75	6.29
0.5	5.85	6.29
1.5	5.85	6.29
2.5	5.85	6.29
0.5	5.95	6.3
1.5	5.95	6.3
2.5	5.95	6.3
0.5	6.05	6.3
1.5	6.05	6.3
2.5	6.05	6.3
0.5	6.15	6.31
1.5	6.15	6.31
2.5	6.15	6.31
0.5	6.25	6.32
1.5	6.25	6.32
2.5	6.25	6.32
0.5	6.35	6.32
1.5	6.35	6.32
2.5	6.35	6.32
0.5	6.45	6.33
1.5	6.45	6.33
2.5	6.45	6.33
0.5	6.55	6.34
1.5	6.55	6.34
2.5	6.55	6.34
0.5	6.65	6.34
1.5	6.65	6.34
2.5	6.65	6.34
0.5	6.75	6.35
1.5	6.75	6.35
2.5	6.75	6.35
0.5	6.85	6.35
1.5	6.85	6.35
2.5	6.85	6.35
0.5	6.95	6.36
1.5	6.95	6.36
2.5	6.95	6.36
0.5	7.05	6.37
1.5	7.05	6.37
2.5	7.05	6.37
0.5	7.15	6.37
1.5	7.15	6.37
2.5	7.15	6.37
0.5	7.25	6.38
1.5	7.25	6.38
2.5	7.25	6.38
0.5	7.35	6.39
1.5	7.35	6.39
2.5	7.35	6.39
0.5	7.45	6.39
1.5	7.45	6.39
2.5	7.45	6.39
0.5	7.55	6.4
1.5	7.55	6.4
2.5	7.55	6.4
0.5	7.65	6.4
1.5	7.65	6.4
2.5	7.65	6.4
0.5	7.75	6.41
1.5	7.75	6.41
2.5	7.75	6.41
0.5	7.85	6.42
1.5	7.85	6.42
2.5	7.85	6.42
0.5	7.95	6.42
1.5	7.95	6.42
2.5	7.95	6.42
0.5	8.05	6.42
1.5	8.05	6.42
2.5	8.05	6.42
0.5	7.85	6.42
1.5	7.85	6.42
2.5	7.85	6.42
0.5	7.95	6.42
1.5	7.95	6.42
2.5	7.95	6.42
0.5	8.05	6.42
1.5	8.05	6.42
2.5	8.05	6.42
0.5	7.85	6.42
1.5	7.85	6.42
2.5	7.85	6.42
0.5	7.95	6.42
1.5	7.95	6.42
2.5	7.95	6.42
0.5	8.05	6.42
1.5	8.05	6.42
2.5	8.05	6.42
0.5	7.85	6.42
1.5	7.85	6.42
2.5	7.85	6.42
0.5	7.95	6.42
1.5	7.95	6.42
2.5	7.95	6.42
0.5	8.05	6.42
1.5	8.05	6.42
2.5	8.05	6.42
0.5	7.85	6.42
1.5	7.85	6.42
2.5	7.85	6.42
0.5	7.95	6.42
1.5	7.95	6.42
2.5	7.95	6.42
0.5	8.05	6.42
1.5	8.05	6.42
2.5	8.05	6.42
0.5	7.85	6.42
1.5	7.85	6.42
2.5	7.85	6.42
0.5	7.95	6.42
1.5	7.95	6.42
2.5	7.95	6.42
0.5	8.05	6.42
1.5	8.05	6.42
2.5	8.05	6.42
0.5	7.85	6.42
1.5	7.85	6.42
2.5	7.85	6.42
0.5	7.95	6.42
1.5	7.95	6.42
2.5	7.95	6.42
0.5	8.05	6.42
1.5	8.05	6.42
2.5	8.05	6.42
0.5	7.85	6.42
1.5	7.85	6.42
2.5	7.85	6.42
0.5	7.95	6.42
1.5	7.95	6.42
2.5	7.95	6.42
